20 132264132 2004002 66.00 1001 66 4
22 290663100 3726450 78.00 1365 78 4
24 602856800 6624800 91.00 1820 91 4
26 1189524000 11328800 105.00 2380 105 4
28 32450492160 270420768 120.00 11628 120 5
30 65381732352 480748032 136.00 15504 136 5
32 126709031106 828163602 153.00 20349 153 5
34 237170008152 1386959112 171.00 26334 171 5
36 430256976380 2264510402 190.00 33649 190 5
38 758767806720 3613180032 210.00 42504 210 5
40 1304132167800 5645593800 231.00 53130 231 5
42 2189466250400 8654016800 253.00 65780 253 5
44 78347031235200 283866055200 276.00 376740 276 6
46 135386400240000 451288000800 300.00 475020 300 6
48 229169687906250 705137501250 325.00 593775 325 6
50 380561017094622 1084219421922 351.00 736281 351 6
52 620815059293184 1642367881728 378.00 906192 378 6
54 996085982194688 2453413749248 406.00 1107568 406 6
56 1573627089217920 3617533538432 435.00 1344904 435 6
58 2450222998608000 5269296771200 465.00 1623160 465 6
60 105148769753161728 211993487405568 496.00 10295472 496 7
62 168190029749846016 318541723011072 528.00 12620256 528 7
64 265435156203721216 473146445995938 561.00 15380937 561 7
66 413622972073584000 695164658947200 595.00 18643560 595 7
68 636851408966136064 1010875252327200 630.00 22481940 630 7
70 969469801991877888 1455660363351168 666.00 26978328 666 7
72 1459981293457504256 2076787046169992 703.00 32224114 703 7
74 2176266510990768640 2936931863685248 741.00 38320568 741 7
76 3212523461697264128 4118619822688800 780.00 45379620 780 7
78 162168966505147039744 197767032323350048 820.00 314457495 820 8
80 245199477355782340608 284784526545624064 861.00 377348994 861 8
82 367306476119659249664 406762432026200704 903.00 450978066 903 8
84 545347591690456137728 576477369651645056 946.00 536878650 946 8
86 802825020053698904064 810934363690605056 990.00 636763050 990 8
88 1172269291115224629248 1132627334410845056 1035.00 752538150 1035 8
90 1698397899817890873344 1571135892523488256 1081.00 886322710 1081 8
92 2442275799721691316224 2165138120320648192 1128.00 1040465790 1128 8
94 3486764304766262575104 2964935633304645120 1176.00 1217566350 1176 8
96 198294025807003652194304 161872674128166256640 1225.00 8996462475 1225 9
98 289166216827620921704448 226797032805977194496 1275.00 10648873950 1275 9
100 418740441923210597892096 315792188479042682880 1326.00 12565671261 1326 9
102 602299841832693123776512 437082613811823771648 1378.00 14783142660 1378 9
104 860708611308107400740864 601473522926699806720 1431.00 17341763505 1431 9
106 1222290982507439372369920 823091570712080416768 1485.00 20286591270 1485 9
108 1725291386831488654770176 1120319082358109503488 1540.00 23667689815 1540 9
110 2421080274478264827772928 1516967590525228548096 1596.00 27540584512 1596 9
112 3378312461625926680051712 2043746195780959993856 1653.00 31966749880 1653 9
114 210457659496845388535562240 123002723259407010889728 1711.00 247994680648 1711 10
116 299260799186133022404509696 169073897845272906563584 1770.00 290752384208 1770 10
118 423176763741355945706389504 231244133191997775151104 1830.00 340032449328 1830 10
120 595190281595481155994386432 314748959066885860622336 1891.00 396704524216 1891 10
122 832767126763639629074661376 426404058762744298471424 1953.00 461738052776 1953 10
124 1159293688736251413232877568 575046472587426245115904 2016.00 536211932256 2016 10
126 1605945859670007683198484480 772089355610580678868992 2080.00 621324937376 2080 10
128 2214105716012937683255951360 1032217117022348602507264 2145.00 718406958841 2145 10
130 3038474617104691265542291456 1374253558165848731942912 2211.00 828931106355 2211 10
132 4151068531078607586971353088 1822242550956368592896000 2278.00 954526728530 2278 10
134 283902927848708398619880849408 121015740770975453133406208 2346.00 7778680504140 2346 11
136 394453083939501172410336411648 163334610326915615475892224 2415.00 9036996468045 2415 11
138 545615131829293401870411235328 219563433331707610866384896 2485.00 10477677064400 2485 11
140 751440884417211505347831791616 293990956344761967062286336 2556.00 12124169174520 2556 11
142 1030553017364532282426575028224 392143461706443048460746752 2628.00 14002561581840 2628 11
144 1407540028373080421141135228928 521118114910433278265655296 2701.00 16141841823510 2701 11
146 1914749697352645508571099824128 689999890937890247406518272 2775.00 18574174153080 2775 11
148 2594587336427106363029510422528 910381521553370534387908608 2850.00 21335200040700 2850 11
150 3502451511458478503950660141056 1197010085939329572309827584 2926.00 24464362713336 2926 11
152 253318737462522281886533233410048 84355223930243852414339776512 3003.00 205371886988268 3003 12
154 347218010167524529729886956290048 112696530401663274052988436480 3081.00 237377895350076 3081 12
156 474125639737175019472273635540992 150039759410498424818911674368 3160.00 273897571557780 3160 12
158 645030085319309990631774359650304 199083359666453702202275921920 3240.00 315502265971620 3240 12
160 874378595030657139848829802119168 263287743158885000051886653440 3321.00 362827605867363 3321 12
162 1181104843019023196244424930623488 347077532476938917759235915776 3403.00 416579843773639 3403 12
164 1589944213311166906713167060008960 456094151839118445722132807680 3486.00 477542747740513 3486 12
166 2133112425844464720382536294858752 597510483429822092945678925824 3570.00 546585072715045 3570 12
168 2852441883344978963837976225775616 780421855908338999857881546752 3655.00 624668654531480 3655 12
170 3802093114910129103856770880634880 1016330690967690286621437984768 3741.00 712857170465336 3741 12
172 292985348663384778871949312925892608 76537447404228003262808530616320 3828.00 6186171974825304 3828 13
174 395984468271841559136756103366311936 101119629282901308655062858334208 3916.00 7110542499799200 3916 13
176 533476621894509260059754223546400768 133202652158429269614376114978816 4005.00 8160963550905900 4005 13
178 716452014842259889920705156698079232 174957756982236871647427039330304 4095.00 9353014406656200 4095 13
180 959228020771551804907487828044152832 229151462200561843741478879232000 4186.00 10704005376506540 4186 13
182 1280404839567677985674881208934203392 299299868996652198188250451410944 4278.00 12233149001721760 4278 13
184 1704081166636654549783830511965175808 389860710738195920199013319573504 4371.00 13961746143269400 4371 13
186 2261396766474709260060781694865637376 506471840195903536370128919724032 4465.00 15913388077274800 4465 13
188 2992485084734859821568460616233910272 656246729108521915472536856952832 4560.00 18114175790089400 4560 13
190 3948938987898758767428709430211903488 848139816988564998644719694118912 4656.00 20592957740312160 4656 13
192 320830091572075917053909046125890895872 67500545249752982401629261370753024 4753.00 183712472698171725 4753 14
194 428786441877534653256697202860959465472 88391350624105268204618079172296704 4851.00 210227674943268675 4851 14
196 571477140361562235000357540707396747264 115449927345770146979368269682573312 4950.00 240260199935164200 4950 14
198 759576534792837697792456602475906990080 150411195008482714881539630071545856 5050.00 274236389824985400 5050 14
200 1006888577909107232441211019450852048896 195474389033024144679142898482020352 5151.00 312629484400483356 5151 14
202 1331221117531030521339269391721558966272 253421115083005981061701489599184896 5253.00 355964264416391940 5253 14
204 1755492590688860964644265212326682034176 327761872794783625889605609081274368 5356.00 404822104630406520 5356 14
206 2309129817203822236364903111249788665856 422917548938428925016789990007373824 5460.00 459846468366578280 5460 14
208 3029829649560371772407030961712488513536 544443782490632872051660625207623680 5565.00 521748877569771510 5565 14
210 3965774486914513122603643679546766524416 699307791732412879152536141510475776 5671.00 591315394579074378 5671 14
212 336965073739791218361885985648379837808640 58318635122843757946831141058637725696 5778.00 5399936810873056584 5778 15
214 446251526821664794670016572479895444127744 75815753792331768771078952742367002624 5886.00 6156937298378625264 5886 15
216 589537393008359304116324214475835115044864 98338180651936495826591025969145839616 5995.00 7012067478708989884 5995 15
218 776959197047722600377801535832839853965312 127266043742460707286287270101699788800 6105.00 7977030893210227024 6105 15
220 1021546652767478952767489211087169733525504 164341482105450296465968914475071307776 6216.00 9064807833193439800 6216 15
222 1340012354578847777984789312832514161639424 211759221646467726047566836321283473408 6328.00 10289781864706066800 6328 15
224 1753747349642298237178006282509662977785856 272278737718102501008371854175379652608 6441.00 11667877650157772175 6441 15
226 2290073793418402363064421320469671810433024 349362897546667035014390010345892610048 6555.00 13216710966550396800 6555 15
228 2983818021987854629577138756776861307502592 447349028783786241904470330664764309504 6670.00 14955751883201764800 6670 15
230 3879282238761623541688748418618309811896320 571659628464724995696949163298824126464 6786.00 16906502128836777600 6786 15
232 342538905774967762549871068529855231132958720 49621745005789910530913252754884856381440 6903.00 157514673928796098200 6903 16
234 450196966312183506146069158771469986650128384 64121487866711801818412456137817535283200 7021.00 179055142158375051800 7021 16
236 590401408647054997936913405600323872023904256 82689272919755609141840253461615846883328 7140.00 203333805501883533400 7140 16
238 772608368933555757216519662313533858904014848 106419885528037992924267999805634775089152 7260.00 230672804560960311000 7260 16
240 1008912069328122582087026574185129284271603712 136690430744902121700085812461766961004544 7381.00 261429178502421685800 7381 16
242 1314750825624408299663663518089613714374262784 175230018076024043145418291535331123527680 7503.00 295998326072989842600 7503 16
244 1709794115848745623379470864440542810525925376 224205889830677339490719707397114633912320 7626.00 334817778672726215400 7626 16
246 2219055157643830268532484987195479706033979392 286329697760494232909898857563122298781696 7750.00 378371310857796292200 7750 16
248 2874283874176137340336968812967398517801746432 364988428466811040355996659993607332167680 7875.00 427193415484608717000 7875 16
250 3715707897967085450999343834950840196874108928 464405436566314952771268967857593662832640 8001.00 481874172666638632776 8001 16
252 339227319604716623203909585285664400218511114240 41735644636407064433793114500250190219313152 8128.00 4568131162543774078968 8128 17
254 442990438415432636284177469228427406392082563072 53656787598768488612960897560012077655916544 8256.00 5179613286663806829696 8256 17
256 577356155299654569333295844184898917908218904576 68855832474615934147677913631852587498078208 8385.00 5867530676298843674265 8385 17
258 751020300860597145964458538379419912241252663296 88199683013575699787565801781286032145121280 8515.00 6640771153020396716610 8515 17
260 975057484720599296173362032206097297179932622848 112775559185819949852914416256255351974789120 8646.00 7509179688415371671859 8646 17
262 1263547012255091588800317958456546878840213864448 143944749630336243028370304301102357201027072 8778.00 8483653388438740514772 8778 17
264 1634357072514090935608265923332931675313152196608 183408940917303439367696528234873903342682112 8911.00 9576245112707366187129 8911 17
266 2110125619788157364858988200418733316955858534400 233291942486252901711619365563981429991276544 9045.00 10800276442903044571950 9045 17
268 2719485316895449811044001290875594266056419442688 296240230598632878504492945896411800887361536 9180.00 12170460767748953211675 9180 17
270 3498590849091170362974709765479709990544432168960 375546462976725026323271936698636578959917056 9316.00 13703037308872895467960 9316 17
272 328877990568485065711651252766387617840991014223872 34790859046703166802597681432174749529971621888 9453.00 131891734097901618879115 9453 18
274 427121374449051387824924853558991743305959277068288 44533560050990659109566246796481671992736481280 9591.00 149220575074268254936225 9591 18
276 553721362125122883484364146148311176901234303959040 56908670310906777705007014758098453851579351040 9730.00 168684128344824983840950 9730 18
278 716581010768140910639210684896127404881355208654848 72601926116326331614395050549795083778636382208 9870.00 190528116188039729949850 9870 18
280 925728653826477187291264217947641995789824826540032 92471147120814827078209876888975023433888825344 10011.00 215024588269359123800545 10011 18
282 1193868942879054224553450753338190676989921634287616 117587800933621021339960403177229550263432380416 10153.00 242474535708000714072955 10153 18
284 1537071531410513358904497859742762066677567034753024 149288221776467876270882384233773243562371055616 10296.00 273210744459719114448400 10296 18
286 1975630493677543361596632228842653863867631418736640 189236637325435176857523532576740024506441007104 10440.00 307600908098005436546800 10440 18
288 2535135223332316239837565641185141879686996087013376 239502619115003902682381522172698301747832029184 10585.00 346051021610256116115150 10585 18
290 3247802907560391153320770248143357267934836460355584 302656127812915031925868823736392444545492582400 10731.00 389009079465322392598410 10731 18
292 313286150906564256723074633591360101887262697946349568 28799977101173403999597654179619258469858437758976 10878.00 3794731683609092986197900 10878 19
294 404940893858729020274978832891156915615498840456560640 36726001619692458259771033145154513606238030266368 11026.00 4285207207340880515026200 11026 19
296 522553417469077033478558028285986021545534920610283520 46760932211997940941300521015613312818369632665600 11175.00 4835335159634642202766050 11175 19
298 673236103655688657329898502538622835017098300542156800 59446896570038733607836029255527327090213929353216 11325.00 5451921522272616711843600 11325 19
300 865985495167270812694108266503249516906569935773237248 75460569463861164210431862924774384298096473407488 11476.00 6142498248427148162010456 11476 19
302 1112164554180736623950222487270998473503670888596242432 95645386496451377241361349074649993216420151820288 11628.00 6915395379023941639349520 11628 19
304 1426104096304534017152645324298106396793293536019611648 121051192284571259717763042793401192422510828716032 11781.00 7779819801401934344268210 11781 19
306 1825851812116943704148094465197206168495615961003458560 152982975460154487838756681781567988862267236024320 11935.00 8745941214647926190942040 11935 19
308 2334103817806240232729143155819687676953385068960677888 193060696261889189771819803865345767547228324364288 12090.00 9824985909961631370343980 12090 19
310 2979361651102835273157228951021130015487134138829373440 243292638502599639515862973946859353739372538101760 12246.00 11029339021505315215740984 12246 19
312 3797367356283885379593270357831372179650154573416366080 306165230692887677391322266863801881651820772720640 12403.00 12372655953611731812529950 12403 19
314 378523334135493838201525500827093611941779711744809107456 30134808863585210440567684426889379706006412921405440 12561.00 122749356135959448861125160 12561 20
316 486498362959075761011962082128322963382421467489078607872 38246726647726077506778195042161311502809360341401600 12720.00 138287249317726467704305560 12720 20
318 624341133125070636639136955145813486710455327370109779968 48473690460021013601283070833614887070215173323096064 12880.00 155681871873415331566482360 12880 20
320 800059018444060217810251747648130685540104971785814933504 61349514488464096502198382835595230239072256482344960 13041.00 175142105857592248012292655 13041 20
322 1023738770772702521088541878966055260622729829561931923456 77538345131614222484102221455220864316799625887481856 13203.00 196898889193939111119409755 13203 20
324 1308069235123066365738025417682065464994945476681676095488 97865422349473764582486785239708093795377031870939136 13366.00 221207394032697026072423305 13366 20
326 1668991181309136819840531050153957081578382124875006345216 123354854494392971009992097195038079430241480173682688 13530.00 248349405570451262400328005 13530 20
328 2126504136554613905262323641844481491852253176039722713088 155275950095262070760858232209468198415303083986780160 13695.00 278635918444896538302807030 13695 20
330 2705666890455661478639768582772407469361741646105071845376 195199977667964883717098369356516515754712085892694016 13861.00 312409969165490058097086670 13861 20
332 3437836618507040670815795519135355118698988995773982572544 245069619226335935623620020329188350463634721470414848 14028.00 350049724486633438590711570 14028 20
334 349609195088904229529805138328992502289895684696912103997440 24627303119815735983432015486421173230037163408009199616 14196.00 3509081298560617384401213560 14196 21
336 447741686790756185233481160133016478335141936736740013244416 31168930511016790343607594218594102174203873790609326080 14365.00 3947716460880694557451365255 14365 21
338 572625560018641177115202102677045913578158406847437836648448 39396323358695641405888200472248573063756462783532630016 14535.00 4438261109865869620803310050 14535 21
340 731339695800302937575969670269468567857769488988997112823808 49730701468808849502063523613603810153760220026320715776 14706.00 4986516894025771162196660115 14706 21
342 932780323161352425214275828100554760374047361022048801390592 62695276459292410345381457508246608807967123724451184640 14878.00 5598896161713146568080460480 14878 21
344 1188113420986924901581748276210748294318092692455483944992768 78939168227155991755610763556274735145879281463357079552 15051.00 6282482320992077253718191120 15051 21
346 1511336255852952918239270597259129156382819573808513433993216 99266749152903296059995065084788291009428408535640702976 15225.00 7045095781921751371221555360 15225 21
348 1919973553398827042554988548243898784724290522441733753536512 124673607363560182906489832020866199784100195576433344512 15400.00 7895365962498514467748294800 15400 21
350 2435939566245013913856023635764955956753538107973685464793088 156390573076849891277516154179320444172902577668267966464 15576.00 8842809877998336203878090176 15576 21
352 3086604327745617027352397955946074387639344417373636484136960 195937556512766915925740867255872434994490102181542232064 15753.00 9897917874804955864568089572 15753 21
354 319598965117660998364033124630681484563632223225362790777618432 20061450324377691580166988250718392938959381270579831111680 15931.00 100153507987433197477070330076 15931 22
356 408016620029951504031385863149568759954102859085865505028833280 25326916202976505903683360009259066792215151358320547201024 16110.00 112532031446554154468618348400 16110 22
358 520222881910771630782463978726520545170278854260911407814934528 31935106317419986076098166416324184811756817434634354688000 16290.00 126362783914845726526213899600 16290 22
360 662439258260400636867442272539893692461745066158441947723726848 40218520931358183668994249379021065887235560362267063091200 16471.00 141807124171104648657195598440 16471 22
362 842468173405629677167703419392559593629063805541137760617758720 50589573854898792318359440631494106752027396578310457655296 16653.00 159043349208476484405584013720 16653 22
364 1070083079898668745234756158122701498651327558340499856666132480 63559223087352621851284804274742029631345146622450411241472 16836.00 178268369442468147355709553840 16836 22
366 1357512003379820662758082176849057524468937791778987781193203712 79759812184478304458350537087879461259557357411009071939584 17020.00 199699539539376886382079008400 17020 22
368 1720036228218049255256668554698729122080198408018361182370922496 99973044360246968189480936096419189081754092791333740609536 17205.00 223576658397345861927762368100 17205 22
370 2176730720490417424150265169945687912882385060102536082195742720 125164206801818036148323012957567455617817496852987931262976 17391.00 250164152909462667129982757820 17391 22
372 2751378841043826688909164780908956436539582415232183730484281344 156523998238925174553507051574258603770830532403158732242944 17578.00 279753461318108789048582868960 17578 22
374 3473601149928376401134031304260236921645143432413155641203359744 195519596416096855604584237383316036766383010395159454023680 17766.00 312665633237886293642533794720 17766 22
376 368644561329562498777539741702129105941392653584786750269789569024 20531582363105682784354144555090614194924017556529567450005504 17955.00 3204027337828571154324854866800 17955 23
378 468735134446517988263520600657936621227267851557853131566946975744 25832743700552104406833374285702559650268390586370045218127872 18145.00 3593935426559032194269149374400 18145 23
380 595288016973783688065599823402121541597885157369582315412607991808 32465533211921009139225571344678789041246286745396709920079872 18336.00 4028990767668809775680677982880 18336 23
382 755112908216722106270963034747869218453914590230690204425652273152 40755230365755723434357083271360614488686743934023700028850176 18528.00 4514157195189137654427565907520 18528 23
384 956724417138232184374924848076655009185564574260347880824218058752 51104343632190166155717871748711811900454639787018928246489088 18721.00 5054915609196169769280868073525 18721 23
386 1210757156212597165600746486086003778564293818496123433500756934656 64010423273201014372774418008669424626408755982860321705426944 18915.00 5657314878685868757329883439800 18915 23
388 1530479066826702636884691155339817000593876691983410571102258200576 80087863256237705289148651198543660995452146988907650697134080 19110.00 6328027467396049073920539723900 19110 23
390 1932425559818449479937218321873426191552668376710367645080215355392 100094559194988589145332812079357663022837345828395461950570496 19306.00 7074410194319685631357321332360 19306 23
392 2437182095993913516576509336542111344792988734144886241669857411072 124964471927083695325533476685761981523361171787375399458045952 19503.00 7904570574265363026873741692790 19503 23
394 3070348964762736332790315946157775014747348051706232680281421119488 155847366365298020440880555003695085963000835413511091538362368 19701.00 8827439219991775969097579555400 19701 23
396 330590353102078993248876637171351704875467083866717157860981407219712 16612580557893416135722363199843550189268279112008678315621613568 19900.00 91138851643778727398119833364275 19900 24
398 419311458627963508668768707149739163738362791856164722364370498093056 20861266598406143295213574688541889908829387389460810544206315520 20100.00 102130471942525910601913180101675 20100 24
400 531244136639946547170666842768892178108768473402253808860601646055424 26168372821040666897804746402729240821922217892076546810489864192 20301.00 114386128575629019874142761713876 20301 24
402 672306099847985490918985888491871644489313418180716234850609219502080 32790620877334320244322889751600911680611510461062138765613465600 20503.00 128044173778689201351652345202100 20503 24
404 849884657079640384392689132041483137477728988049535029605300661387264 41045332612751877685377740100672745847166216789519519841188315136 20706.00 143257342940513660918185297107300 20706 24
406 1073192059581016199751468247086706588180608234973011368224861422878720 51324345269297763756450191435335401593996031145436347752981200896 20910.00 160194171662544832652354987405700 20910 24
408 1353704469482357164822316870488108371400439736555604048726252360564736 64111033364070907818242628371680857902191931005984307068438315008 21115.00 179040544799314812964396750629900 21115 24
410 1705703693145918309392117317412651412103165903620498595272094962941952 80001111258661329509826838474733432947445932323564255109045026816 21321.00 200001389068502888628521248264620 21321 24
412 2146945082855000546178992172940650529645687770782805066684239840280576 99728032462606859849173017685462841825524464846547915316744159232 21528.00 223302521775512933905630519907100 21528 24
414 2699480192643819024157806710842540777898147129183499097039429066293248 124193972793697969744416749940024265726253533324507869271319117824 21736.00 249192669227746317546863043954300 21736 24
416 3390669071623413226708214991447167938169876281136483377859768298242048 154507590413461520287812224644393405895229372144351711474453839872 21945.00 277945669523255508033039549025950 21945 24
418 372728448302298275359154254879142780294302434764563760820500094674534400 16823671780740162013632075757400743122242628204531837359483982446592 22155.00 2900316515549652977794714314257004 22155 25
420 471201042456410456118539847576810163720015564039274743290107656939765760 21067738641527785744830639359479822270229734291743153092968799272960 22366.00 3245592291210325951341704113573314 22366 25
422 595062367875485377064785480193631538371098057821655804300173899349360640 26355849405416132359247210284403984023665041561364842004904773943296 22578.00 3630141140879795850789773321342664 22578 25
424 750698189845518686550849174071320069298814153595656153161037870864007168 32938361188430463266413856832871832158166207034082903820572720889856 22791.00 4058223822587318946401774892255714 22791 25
426 946060548376143488032805997708621856060961714735068154734670080047579136 41124127293029494733284425500949182206767011537404557702874915667968 23005.00 4534541172656253095040480865525164 23005 25
428 1191042244037498909088143516623698652647017299106107942791014083161227264 51293808959409940031712691276164180576859499487463434412381758816256 23220.00 5064277290957217241657359471310814 23220 25
430 1497938568093225115752076481083155726018681732237618665364848508500180992 63916136204694708994343776372033790275817967268568723434349489291264 23436.00 5653146743394102967431471037742304 23436 25
432 1882016073337211983170714819600981193900423104657192579950712405272559616 79567753491616793890880676559026249412136772190490545124089410879488 23653.00 6307446134990642662736039444888404 23653 25
434 2362212555129558650584900426702975111969389100144955589084449983168512000 98957419258914946086303410218792571821395859203853186219994863632384 23871.00 7034110436256845734479822791073704 23871 25
436 2961997725236844735154779075418574482518920236713696279325568768929693696 122955488801861544805935004604637145419331471956411529488322611118080 24090.00 7840774477111988593938518065279404 24090 25
438 329465371904071968694553713783345512946929688536615941163718019505283137536 13552668527522499445219235264738392541329309720702061156985047015751680 24310.00 82318492841895798761089675086477480 24310 26
440 415685543862189520079400152077552406201055369667921069305390348255700713472 16945315880403958241932438377761332925033196095898901042117034775674880 24531.00 92047041995938029523763909414879364 24531 26
442 523946411209473139302252836537303678999369421910892800806892013392639295488 21166986272753734641960161081577278519863095614177915391441205343551488 24753.00 102876105760166032997147898757806348 24753 26
444 659749890212175852779057551763857532410404942317970557973165914623500615680 26415354348661748169293173701521688646935686816072091897252659620478976 24976.00 114924658687032325149967022035747632 24976 26
446 829938573091731244249535525206398155683582038535159859686927684426348363776 32934070360782986431697431983340444980528000457918648121524981071872000 25200.00 128323946246955376512743446129601616 25200 26
448 1043014512569390073838631454967179921324126789787136346239806450795680890880 41023186335079255127210109689572736740394002482897504855939754405920768 25425.00 143218690007762697000829738983930375 25425 26
450 1309531944783468900603420029983140469505401262190026240858850999538206900224 51051886662643519379019391822990663297728555912831860615575206210043904 25651.00 159768405297548608654258953266517885 25651 26
452 1642580671879966610291746166937531980471598182733742153193875419966725947392 63474019316792899451276945944182825162391640530819881542680244582875136 25878.00 178148841305231191950766620456471270 25878 26
454 2058380511264007651025736198439343731779636232100149284884348267781251137536 78847027934727942672251471301317781066123431590081214673986962243715072 26106.00 198553554406270887945127554958093530 26106 26
456 2577011695643447437592299270634396140374923822453890217316716922280033124352 97855010276948833777226827393859001944409218487611599116288498258149376 26335.00 221195626399968445342378942804191915 26335 26
458 3223311542098065380658152976819620054246698218625682989412496698406651035648 121336779299757779390856728869039677577680761675900829486941157439045632 26565.00 246309540314375343066841180851829425 26565 26
460 364943312005199452009803211365858867320897879774479534848379868823429484380160 13619320495790394788305758902516700244627919323669771455515687737293275136 26796.00 2609532572683314423680131235201861760 26796 27
462 459181944052657738125743027196617082054371325135629834924002646322840088870912 16989120321616759077677744473959202063056812760739237879223164617936076800 27028.00 2914542873386558966707679041913767680 27028 27
464 577213172228093912082719533665434506130766376178626574274408319711275844108288 21173587624375258099142388231952074367558979198347600939122457574199263232 27261.00 3253735362961718846453831344205456160 27261 27
466 724908226732792334121815616226734495732266872310550147732883865910373798379520 26365092807157385298916534422312333648112622282873837379882874977195655168 27495.00 3630777658240544635527880469928835200 27495 27
468 909553970117190650990205084899868723645488721245617147485093263177202979045376 32800359542632193862926719686818339925075621582186119534523070308841160704 27730.00 4049713541883684401165712831843700800 27730 27
470 1140186292883826662873827892006208589351512770074452738567581818073101440647168 40770446001710168492337838247576031544565236183434707516223387240486666240 27966.00 4514999778610746013214539412523615360 27966 27
472 1428000175499516719420118997159635198181048935875891325899810722629123536060416 50632917615130188661952410139015562644175761618544256592269917193288810496 28203.00 5031546363451805938455185870736062880 28203 27
474 1786853624708061146416874121877082454017039400381723505364285903588203572494336 62826680662004191852400421784365602677531838380709956841878817108219920384 28441.00 5604760506123530665620966539554095360 28441 27
476 2233886460478630202124991764107354094728438585967980175153007973713381873942528 77890043949743026672725957429654276993513402435899350704680201324511363072 28680.00 6240594681187964816762840894881660800 28680 27
478 2790279503257223918455115044121641864690128379244572810977863612665674309042176 96482693750249785505878002049423076922817168574440813712953821602024259584 28920.00 6945599101238488038740232962504275200 28920 27
480 319010808544985951994500080467948105965346033769826697392949272503598303651299328 10939638851376356780874770155647274242975444241343294561346493212616281817088 29161.00 73958227572651971741085730634666058960 29161 28
482 400742223673825209531269128938263684711674183775688130383897901735268366896070656 13629297135456423819671004348123403078595431597795659757023747039645445128192 29403.00 82550884718022325304365400583921866640 29403 28
484 502963373673030022562207045019643519957886415809766047881980037779705637374001152 16965640345174055324814624565218674466769781315354227409444386231546965655552 29646.00 92102226751512511703217595692805388400 29646 28
486 630699091983148567371807266664420490738665955212543349012269719664618496650641408 21100672197495768918383326034391323918914067660519717437837003304201722265600 29890.00 102714829010946052146386701369342634800 29890 28
488 790179288054065562001550722241286422827636831578364036060969924230915853475905536 26221313690196302110936363444420097723237930012100603808699009724954559119360 30135.00 114501776602366090917283535952709822400 30135 28
490 989121486684440555620330712959664855215483990816466224158662204158443525603590144 32557239283909037940669157313385613899363297773132151887593207670894585970688 30381.00 127587693928350787022115940061590944960 30381 28
492 1237078107550917336260470660036969667342617116071144629240289298483249412919263232 40390430571729048908966297515801249891617245073411706699661288498988538920960 30628.00 142109870473041120504307998279983410240 30628 28
494 1545862977739528648452420633698294732668342311186773646098606681841557414111870976 50066814928731979958628957599205986798155909236657300076809230801341293527040 30876.00 158219491417353474245687042619414728000 30876 28
496 1930074738652690811911209223139216289868366020532786479036591416575540056507285504 62010433370367570374630535046033535075069513224106147464554532256084473675776 31125.00 176082982383828866499232353882897036000 31125 28
498 2407738653531411268637515564166856395142753636695670885405323248642454912139001856 76740674216140608198305442965522062964251926199824885800736390992566692085760 31375.00 195883478394861831406776554319528028000 31375 28
500 3001092983877084572345332246909532012886057285995445508491235596627483707557543936 94893220257923369759822331077852465699001582951203882375938821077226542333952 31626.00 217822427975086356524335528403315167136 31626 28
502 348423373768678271382303419434650825091097642533689960090148295673404851437445316608 10929900676600735028604844975881505513607484887059468647383449068569473144848384 31878.00 2337723323727674978936817073618214158080 31878 29
504 436668652299726729917805341096553913313670904322744163416546459231131216802840838144 13590260256441651862947163737835711275021518289672289838395324983053145931251712 32131.00 2606747039553478845560498403518722930240 32131 29
506 546800432393387164271100373669929381420535915499849586855751134317618008412821389312 16884373394886125025765374791943068622643056791870376926709271577965793099382784 32385.00 2905544131043798555130674109850908562560 32385 29
508 684132993955977655561145064886554691795391415782974894090602934145842762083255451648 20959956922670885513550885388308917869311885073591001906592710024327238021808128 32640.00 3237279484588169256307010917668531981120 32640 29
510 855243531097507132817314353853527840568039622074554674443825952352091186846377181184 25998405006611963194379185534353805216484734823935714371213326373906252650512384 32896.00 3605440680874666936436043531834757186816 32896 29
512 1068265807620043560586676570047184476118051462084284675694322190777121685002772283392 32222296854584605905434001232919402775321619568273095686177949975754618097893376 33153.00 4013869508005000300329189088175413274385 33153 29
514 1333250601650541484162511433679614736644315502424444461438046989025999278440422834176 39904540470220629512472722565460231454422969721224692107053328153875771935424512 33411.00 4466796417468599556008358284895596095230 33411 29
516 1662607793322175271057956100784218666309042106347428640648191585408913464386729803776 49379500841169445483222714057868160844065990820202894641076425346504561990303744 33670.00 4968878185323597180520925689011767749345 33670 29
518 2071648178648718550810305445947935749420862095403579959697977916245767372827606908928 61056533411397542758404276862972374840509808611167927225207363437569542761480192 33930.00 5525239063216972926602419298978336339040 33930 29
520 2579247007998232950092952542931838132698167103345266256451080722627368397607696072704 75436430873570029414645566143526806097907638026177164494499125383567563810668544 34191.00 6141515727960404522261919913095150776856 34191 29
522 3208655991218652447284451786510518295612751018071236876930509789525769222473660760064 93131396140209913995219899065928629265049852170732650968927419923916404056653824 34453.00 6823906364400449469179911014550167529840 34453 29
524 377861271846278253607736382952570181654429672010241177024158904249247915329738789355520 10884355105607738742293102403347264283053598607560449827331918535253916087014653952 34716.00 73771115979113866704218244113022498135568 34716 30
526 472548350144095337682619970532394256756079548996273032934739972366033170498985870229504 13509100918927825736059662206505861828401878864652747340348331596759936239214264320 34980.00 82186072174450049218007397433899589177648 34980 30
528 590487580987683120934129427276961399826294199164943831810911548999576714146687343394816 16753797162368649701062349633328942650281082570847317091518991767023776402885312512 35245.00 91525398557910282083690056233206360675108 35245 30
530 737273186502467632884632633839273001869134461291260405680187022334631441767625744449536 20761825533002945150886960650245843390532104314137250796422576492103151439774220288 35511.00 101886764432390691376183270146399533581724 35511 30
532 919817664832316550057601987112193061012234518680213380703298548240848277185113358336000 25709029706308808334492503782978390145997462401111947610916415578588719510351511552 35778.00 113377752902209190403572360764414518572144 35778 30
534 1146655980136617350204950296002461442671353042091922777233107991455366522004632338694144 31810907732803008731378325498510882346245353020375300357820904726181177289422667776 36046.00 126116826262007975842175996805359970097104 36046 30
536 1428318464632767484270433034380812777363656178232856318863237608972406582123719697629184 39331363476050321338050981134043731557138492945617929306221934631103370682855063552 36315.00 140234381440590958212568832268646533913944 36315 30
538 1777787622167840363694171213440727284845162656258140599125124116295701550182795994726400 48593347606063697390153360125816007770722922945046266425268829841395780106621812736 36585.00 155873903534337161730699185309759530261224 36585 30
540 2211057307863065990413202347639200217286239016071667002897624565288195845574559562465280 59991787167979868827852543284542759865031958268390278375622633084467277972388184064 36856.00 173193226149263513034110205899732811401360 36856 30
542 2747816738293401558504774118475832285836322170883642291036836785999167444074221096927232 74009285129643437224206424928925019598112321760185663655752181131146205800597291008 37128.00 192365908010805599347849343084205078346160 37128 30
544 325992321468852597089427352732984616003314628208092999264793501657853203395414957213351936 8716139179937771732287380780779673274408121118897022686147122735127805245939253248000 37401.00 2087599001237758203738650615306365025989530 37401 31
546 407192050312249422677196585032740144820363923356166034727018627957478057319832592893083648 10808017261108146981088264298846901284973368263321360179712736924690748709799028850688 37675.00 2324652367678675801965383835359468746889440 37675 31
548 508225395957010393039915581969298529580480036064510509157775526514719588713872508179185664 13391973543004226656257781247335657174888328357056629661386080658186279411609092751360 37950.00 2587660482270058830654898064907437838690800 37950 31
550 633841839685293265434271782117595486837246596288501361566270909650581598067377431145086976 16581432524598265932596761870136166097878275424040411373162257251037929355678628970496 38226.00 2879360391180501826110541119497003558688672 38226 31
552 789905620664254030473041267454407008545202322085035168492459839844210420067300749661437952 20515430503188168372527711482612253440878908275648080784165282609626588114962196987904 38503.00 3202766811929036451507014940889782943903704 38503 31
554 983652122025394974735103638958813879485655707134987528558587629228688064491725349718065152 25364279467404009739504539428273083330458315370459276866852417284077974377067546935296 38781.00 3561199198823621758354370403588639518853216 38781 31
556 1224002023075028833267548712554205559669349276007231372304539544811881007110426239791267840 31336457323989471623845919940300907478151137367427219044086748942223977586365202169856 39060.00 3958311339699637134285972858665070544336848 39060 31
558 1521945964352772532360379848105185502660511015376308269008028391411038553471286166708813824 38686984350604289278428389121754055034204844019095241358048454430462634691048949940224 39340.00 4398123710777374593651080954072300604818720 39340 31
560 1891015226144424057227875911793076117023142327595586039579861260270714384698422169725566976 47727599660392822788726172174058246759971982149804975691378596960116990743862348611584 39621.00 4885058835899155352233879202558876743209364 39621 31
562 2347857257302985737304590157540235027550183289961202945672757957852101462294386733828014080 58839116289576867099982661467005137996871821512551442962420001498927253616337210048512 39903.00 5423979917439631565469645235581386277157728 39903 31
564 2912938930339571998742764072644682439406994339361386160764077180294019062724194186888740864 72486411445268791489945257536886173890365804269463340820694144206920724776421815222272 40186.00 6020233028931222269475173612542460655143152 40186 31
566 349943056117622088162036350434189908054842993775546312384682547398627108347255352940199673856 8646974453116434884119823497178533687238336967183124522940562370205005075217708348342272 40470.00 65753229780431448175109255964727780852496595 40470 32
568 436297333264277119218731023729747763586817009423142060701326255414588576437047698943077515264 10705369482622428534117862499144820561091865741417951227183354328817095465716740933025792 40755.00 73162044403578653603290580580471756159820155 40755 32
570 543561138545282430733603473176699757509578435160042530043255806353505772733561770161794449408 13244344400606283133178478148183717863744673680409101339565465265685760975794064223895552 41041.00 81376730090998011200853031733366830535659611 41041 32
572 676701326777862569947723477835666428875770923437349542016526877168450298565629089374181261312 16373919056762064134974367578172333565510883914700129184124452646493260176483261496688640 41328.00 90481818772508278188361063255981301085104043 41328 32
574 841841917600759999925414624916793333638078162022363295631214615177232307173990599279469658112 20228804248384275323138798332268249813165749779667883526805005165751291176718044653158400 41616.00 100570383931812337080443133026683048941282891 41616 32
576 1046528446948818614491685105468512711779545597854286413280515215583243288343746246866928402432 24973832405412683053822473073262256168568702367756055761634178753127530562536853276196864 41905.00 111744871035347041200492370029647832156980990 41905 32
578 1300051520155052962742457584482642569477982727296416740690548636589993834848770544242576588800 30810558600664844160565769241552765324293055687614086609114907998882608764340846739849216 42195.00 124118005544451211852450002697290498693394110 42195 32
580 1613842560588827141520819629472734878150494522678779381876424930161360297540936613718004858880 37985278929266746275247324344255940126011500628657268067686214993305204929314767320907776 42486.00 137813785466597552470651382305267381307837598 42486 32
582 2001957542116553776537009744205784365378959566518643270909744099028047113161985924293181046784 46798764367585064581191239455823145205322158944860632359904291965349596542941359419424768 42778.00 152968565999006905319657719878355203307324894 42778 32
584 2481667876689869887220222508752511287816581961955503983980088664978914923504531960251046428672 57618069622016438384597701637089214838110790248744913526307023368672920612627396375347200 43071.00 169732244464651497683455826166394129697168718 43071 32
586 3074181721451527651309017344743713413493816210907542882217685074566204513058553868791486349312 70890850258308035123616126831774388610812817101669740675926331228373955680572049438277632 43365.00 188269554440313094700078988068525911780135950 43365 32
588 373664708097841998247520169333922118443401880511382277473843508206612087963690430515489561116672 8558513698988594847988705284122119927157980247346638732171673472787777381156228495759638528 43660.00 2068636471082895951475759666675015383177288450 43660 33
590 465071975418381639438013528201365474217248209410350199599877332218664089332243556305064219901952 10580398021166204620522539032043505187478464247804935029318366016045177988533700331715952640 43956.00 2300043262763355498589997188709847612481866480 43956 33
592 578433047061462911380056326163934506573977769770569134114043827796336686080026116984569006653440 13071047094241361669298383853051353520887344735098465797646448669867756755531925469098147840 44253.00 2556467004895756618365233361775472515224777270 44253 33
594 718923727278452874741955140825686139163514583717751449266016232206354018891343010871005683908608 16137095178075754186815165789917488294777517540711833220356468145179280389415164093742972928 44551.00 2840518894328618464850259290861636128027530300 44551 33
596 892917361532265749332530882955785061320218439938445763635133464158250943096134718712752539435008 19908971271622425468793317078533838557996960421631115894993179521359897710631379464081113088 44850.00 3155073000076418496192737668708730061668162850 44850 33
598 1108256699504093260623422510970313559367743192715927533307156088961309315679465968033024127795200 24546106301308821077737674781882911089188321181760658927396489532783512196905137182441734144 45150.00 3503291759282177059317688648867218663792073800 45150 33
600 1374586299988720097396982063487623497325677017277878798509543928567145261428886823816930449686528 30243257573842601068591057256437016879186488365154773908554211707219946482664742851446833152 45451.00 3888653852803216535842634400242612716809201918 45451 33
602 1703758699879667403717217851298677824839547449044995927176822960227466695425235884383388563406848 37238185471546508453142656328671533497009245680291519360366222675728470473777942959264628736 45753.00 4314984673874665524822059434156254642572337012 45753 33
604 2110330400743965127005364059978696925585505632625121589422451591502335669027438912826030791065600 45820965796942094427482716292829445789517847960533748533018608687971355744082910175559680000 46056.00 4786489621682162088792681822656772533979248010 46056 33
606 2612167152063442791833841705764457954681426267684952498583339691796605538012203924529721766838272 56345279380143282034014565575312692217224922722660157303124591089181888682941618212927700992 46360.00 5307790471568338157869112516213450730749265120 46360 33
608 319328005024826944539650561966987878055157336413968945008318442973215474524046369668183063957340160 6842987357223335785451619187151346919698054677085695872409107664065975655015129087481886015488 46665.00 58493535357436447969256881798743161661834925770 46665 34
610 397077484205132574603262963435474667785651481476583650985898398363153461022708909724409607005143040 8453673206981595323995848464157296826621126149470121135590481550442882540608673332829517512704 46971.00 65014126184167068398616665343521087879875540446 46971 34
612 493423162814414715219861025457297186731184533918944971722326518024113616247599323635041413502074880 10436633588866167752836884942314857851557844680459356581835071537676036950623551321990789857280 47278.00 72237917982407853776240739270578986533195044940 47278 34
614 612733526189665760848661272926912404489801562307571648155451494224730398170978964829570498281078784 12876340230102673218450255372816079676818730196030953008813647711642871727673810971049267822592 47586.00 80238208573293414129309746225626822175307851220 47586 34
616 760384753427836263394122056202789555405738753211290538656115940470491123886016041925250342767820800 15876077950262788700907066765748207091721870076605503623273071308579895980275395837214179983360 47895.00 89095673156059570234493289640144068779075601030 47895 34
618 942988922522913985950664878827479612772114008549100721757998592523568081820202272906922697370370048 19562056270571808093171140077259276154084361361027909360436124109687457276367491559362471657472 48205.00 98899080558344442040230415361066069874507867810 48205 34
620 1168672941033517695677365498226796247102547456554213977255401022778888291837141121416387377663836160 24088402610139285295518386831923457253985505886290607085997936263776421794101414016678352650240 48516.00 109746076490549961489804073820021703344615182344 48516 34
622 1447419266841368926440340747524738177075073584955178459119424605247813239391306821595938752489848832 29643222471560762278154627381590212075231220387691471127061657208600165617061083283698095226880 48828.00 121744039836783719337564004719959767375859285880 48828 34
624 1791481851371231873601706922620300270092843423741937414484751867000463563633732505803444977110351872 36455950252767176964307631495617796095594307632753064479385631808452769937181007536965606703104 49141.00 135011018536946047726913928311237434333484977290 49141 34
626 2215893602457411033450573512503426273279598690104513825815019991196310024423025783691058537128001536 44806260286268543948341220465072717372203048320741923701174942110080626050495671101259291557888 49455.00 149676752179936992208431735220445334548623920510 49455 34
628 2739085128158347438505472441409266978959003348306242270632406885824499974790902316212070412741246976 55034862932657163381074835001053762867849151779313429222379734640788537801466607166739986776064 49770.00 165883789040184946778771477250684638289557720820 49770 34
630 338363870917887633477623826302286493338264278986899472800902122749541962110508338121144135976900100096 6755657687135878321969599829790395554708684571322875672501987600962459900796591596215118747140096 50086.00 1837887059524588775421944303507585357557322049720 50086 35
632 420111035491854668507432276966835256407168699805252342190894178363062377820202370357311176975052701696 8335040285138873875382566296291726241650703694220263881313634700095353844019706847765299680247808 50403.00 2041450499661805886623741932060640697793101390670 50403 35
634 521269498134089611781022755324604800262385290033727067174746378152081431550124373841479112748225789952 10277192841901571224257249251891961108756020432945152898333862194631009446475246412970789269667840 50721.00 2266847242526674044452861703739260333196125203520 50721 35
636 646368736339302421665879232562471025884795190151669627048683125204748340040882502476906118683297841152 12663964269970659393020204447188746730220333487662825822110147996388568216910719468855173866061824 51040.00 2516343008213572131106478557924399049113937725920 51040 35
638 800976638535016621144183885082783044442900697058294133027804451732143368483086185307028577684069285888 15595339535339109126942223641000818979898938899565729008947869722735872735600287990568220301983744 51360.00 2792430799083399794394023227289145026289448134720 51360 35
640 991933350847866849758662739005641847663835451850027346895596343148470237858046663734687376894389649408 19193385399815538154467915688702460782791159475011892959499205340183241296134551576899027409567744 51681.00 3097852917733146646905869517773895263539856524455 51681 35
642 1227636842269477556076176799726352266537045769109281348066148734113045080912022690297758735403761795072 23607038868324473205421364927008749702879229465670616624190711381135257896533305316339712614465536 52003.00 3435625042719626810898721334353603469844825304380 52003 35
644 1518391419214595962581182198396057665501331677102457280467609520393026197574577694417418666486368567296 29017914979447994669005510850591593650063416998870840059375837662704464565754238168494091804868608 52326.00 3809062547363064507735538870696386455697523707030 52326 35
646 1876832814636174726677379690443625696586819212210736050221500519577058860054368626863568113607693565952 35647346906669985930049071894104228575266973437885617027194968161451013124828613295160776653275136 52650.00 4221809263021600909502547726654199229534716678380 52650 35
648 2318446371942590168227553714695904754072077445429004736776068036158809266471398672533113466492356132864 43764914996556684430076489077225666707301335519835287565552925984571913328031108549873276888809472 52975.00 4677868905631959032442637758854498529021491628205 52975 35
650 2862198342782468690925493478452966287638625433563898743228557530436644077713198683472046645202353389568 53698773808792862040650863043602275400030462198997009104951341170830374502268585700619174165872640 53301.00 5181639403161554620551844902115752216762267649704 53301 35
652 357065025189775111731182585992877735010621513746053736387962259495630227836873643556125244617432292655104 6658182762545220147293147791563871069107035211552253323356781408589357857961585190469260450566504448 53628.00 57698278841509737638288701047911616495477731850598 53628 36
654 442703752096504000427651816318376612209612439136353329225923132235797905100237132096305546893429877768192 8204903108023278314199534215606009692001320580034289289525580964879276578448042064261324360533409792 53956.00 64050382934153011506724154374287207302319317008462 53956 36
656 548540096843976897113695883186366474757823038978725737612527775620164451981699546369053746581539364274176 10104818952638424288176848307460993949479507929311553980012590267601093232880013454238665534005575680 54285.00 71080303012291756672096317659269949567208022533781 54285 36
658 679257445780040423818508486045807598242139895111361330894369641927525179650122196760801399627852004982784 12437195748055304122864724306852150295674340504028892124853140069079493643921016525905350852039671808 54615.00 78858086928530368344422966400101919732616803114985 54615 36
660 840606691017460658059426218174391389977766714373869959101093655743853777361348284948136073863999004868608 15298778637525218600411419155778889442230767933405738384989756780159295288406713194474473876308885504 54946.00 87460787320733681254723653643749401885265908909347 54946 36
662 1039645368657576698419531228623219753196263539092967310364117456531666638344377626769701008636756354924544 18807579302029319949480737739058753958208402059221380506944386392034000842302359263424182209409449984 55278.00 96973138811810456255237404493220635927167941298279 55278 36
664 1285029436532363183522034949700078993056748781060392516264026395948504075422270302135402504144114302320640 23107468603915832065959518800665979800527087928897437659944262408772656625721099157454203221457240064 55611.00 107488298442006770788937845944292753075896995173996 55611 36
666 1587369074863729311140747956381503833987304105039675479851193380160755067891959144871371099700955153694720 28373743406269183862842569966651736839971905416241718411580718418152959026230251203332009927102169088 55945.00 119108655030331827090444640100432510165183156814428 55945 36
668 1959662311144816733464079510956664496183216079741034040886140378674958964926776145796690853968088322277376 34819870489424601886682491363553536381333958921855410629924300746140082609396475073848777929912221696 56280.00 131946713656355616836720110290898289703945413237540 56280 36
670 2417823192791975561788378175835701125951977356230379493447758141747264037899499130595573867430601090400256 42705651985162767627846674033662681811118050405880823722554281719819565797133310782620675528982528000 56616.00 146126061989575921929621375874397807403473875555604 56616 36
672 2981324760979652269719914963116240280202840079428623623896639448630480955024655471069375684259294591582208 52347106578751812841591574277604391335570809669322479325266604646790681106526515778174424451507027968 56953.00 161782425774173342136366523289511858196703219365133 56953 36
674 375384816652464833943342593961665387589362624441768248159892661445530997555608102540577303736984536751276032 6552247589542246764611764518867673224071359587275324852075088543502708959245776826439558846386297372672 57291.00 1810006573129258928118325666206871701191474256786814 57291 37
676 464802070741663257700127622606100047981976780759803544068673615040585911893450873342790811001797705646211072 8065279728295389499969300240506160161725374765773449486437841819573449134005321617231325032539949629440 57630.00 2008143387347550585930095043868570674398824989038625 57630 37
678 575173711755974414589312091974306897204590334112936608525831061036279111682949696517350832142204964716937216 9921920161393383125296006698463392358673363615583871756649749472965874043166227214967145575312279994368 57970.00 2227321279181944012713025771370450069539699692857000 57970 37
680 711329932106971108809382183206294965554467160562288895497536458179238318633452159756271653061174081655668736 12198897842722147146080847067018146785017686740646949886804388624863873002627594792817914877322033364992 58311.00 2469706241916449684684737399431351988871961130020850 58311 37
682 879195925064227284524675269023534478554957219818566189084035123405495725450073314508336770241299363118710784 14989786116042268927197513879244704187181549026784869155997915811739302020052924525848228695406641414144 58653.00 2737680232974832788301556413445897512591206179319300 58653 37
684 1086035973382418966249370618169824245920422188875238251433651805845085038871707469428464864729592299062820864 18408637422578124994863176693964701736965363064361809111371212741131355841506909001829620726212478369792 58996.00 3033862012565677271246461639461974144070371760122850 58996 37
686 1340751029318527773738646151374983483159120688113725479148132667477734682541721991734860820871193889265942528 22594388765057765268311817712974197360009514251972418508917843275820063347366466409267604668870134071296 59340.00 3361129926457601641614155752173615669815572212381000 59340 37
688 1654241308394763829835329296907168950262969697069752998985803952271973581225905671642024520862536356312645632 27716198515452190558074100052245162310814650169372270398872098748525616166173708323810744977165404602368 59685.00 3722646808082401818183120179006242936627130851503375 59685 37
690 2039847858393177463831564457227799792453939458834219239299858505530019307799339731110156464005546686311038976 33979908020742239884553316035972541988750591083583854534377459772681720386473147611667602478255090696192 60031.00 4121887190398485491437541763421405222584243435577650 60031 37
692 2513890011513356532112846599715514529360363353759322750721341482099082794366808685908780694827452868971200512 41635860934667534935851242511083891488114559662316699534189711095699727733720856678163009012021287976960 60378.00 4562667034458439142256007212110977457369263687359075 60378 37
694 317833733519523572953947033966774470898254906626109181288850139879113783756854083491309028747925605649569808384 5233898717510186858009498218425715025776610504763914633840409748392055164716317632587952464780196436770816 60726.00 51156127284569668041189754757961998126609429966568000 60726 38
696 393282762090117350619830748495780066798397769252179905758940420497752636542969964380022421668097668694006562816 6439341172167291817615239553177713380608010570112446282819558411585937106428929082458424354486362694483968 61075.00 56742141183459459379020819932681986427790919445676000 61075 38
698 486359806457088192298087435293706980834579091404722077446112339569984923322829590852600684622856423116686491648 7917945567066963015893038340158545652421840585786706543261829748664617712549561042427495864067039353110528 61425.00 62920368590254472148083258779220426210759558239188000 61425 38
700 601117897319023007704545528017350772116696469636780465706631772811385895328142579470929469869492801274734706688 9730605693457378552345986124085926716280442938798976757589623285891364257501918045556358584843557427740672 61776.00 69751722894339243409875155446678643913642024562299840 61776 38
702 742526943568875589299968623778545530538047309255959136927352851218197428375776511227925912596544435135323308032 11951566822831502395472234133194105904927138254457667830177123576614451225364284089520018439046222917402624 62128.00 77303191469794774035445685096176616758993582777021760 62128 38
704 916677776961039781915395816902097939612972354346980009975637243841796875608577750346414170348147018402086518784 14671304507947051906340199129716143159907372124856898214565971335022113353528021084185017658768123200798720 62481.00 85648422367102164414272207919059319704566753644995700 62481 38
706 1131030859496235817990733113261415872459356115146835804393376795547937312009326148617849473418054332887852908544 18000013678622358022630766729027612740646537816087892510802704377670563195065434180635249639523053622788096 62835.00 94868365851379451235072048998164855536786404179017900 62835 38
708 1394719267290755123891955240520379596264587690583376917670257786786005228036864559769278283770643658925523599360 22071835215868889263586567686352855778003317977959081218928525367991765698685292947601175139840031216107520 63190.00 105051975745030352780079783071414190311921667904449200 63190 38
710 1718917599350072590090692793216648185120352385361953955718046632689521060675220191808350857889565151232912261120 27049973237498387027892272176945415441307888467716966811541250104990834091663734241403765110554759551516672 63546.00 116296975965625151105834802104410638852352719680136720 63546 38
712 2117290917625221166391962118776206421145470505558847452683800374685581803660747389795414724344083384407940923392 33132887620694196657463954791558380102280283450116104032127593562336048572974463998763656713244138255941632 63903.00 128710698119259296448592449520049976707379133578578280 63903 38
714 2606540792549646485822341572173263743565490272879008298858888690742351526081277593302455637712712672961760329728 40561783858789097205405723925683217661110497286092875454266278875569172502400066327178902945240589885505536 64261.00 142410996518508185146201729861119722127212206620555800 64261 38
716 332322784575526786711546067267212655344417837694589373385162586590053490018600324414333516651287389003075337322496 5142723376284846704513429339001470265675478166398946988305363163890308137247759517527983259337800256243892224 64620.00 1603546596810464747400420165801916183574221846958230800 64620 39
718 410724035592776832441412357206033930466010567852696753811293875701910997600005301806483396442959747022799782281216 6320776171018419046888689561084000534099918210756382268802507663048699389735753462681609729659937983639322624 64980.00 1777748037689596015223864139245578387360836476572077600 64980 39
720 507337515923500776913027219427566553067507730753385721712434881192238410460277887813434388005352947992121860685824 7764459006190611851272513112382963402239000592357420333442415113767217515205150278765745177767576501254881280 65341.00 1970337408439302250206449420997182712658260428200719340 65341 39
722 626328220420336525803027121004292913696961101309279079525071679605473790570372950329910516434327624190759566049280 9532718755921900416122543134409357148480009333854605902837440209365004222887842167393289717006170389886271488 65703.00 2183199344531082825713517363985798019565939532632376000 65703 39
724 772798725916929458616764874153787803219321535219096610672290642888330813951335710934859877282362600827843573186560 11697374230571390102889530624567255178615986688943040106400507140647260354290894162951929769411976552490467328 66066.00 2418405903748519925721327245741174049298181636976748000 66066 39
726 952996910960823212096866403777344330094051619171586501086051738260823528492301300086351105927607458007419696709632 14345881543893170210157413475041133378919965590687291091031524969455981605681839981687099598598279564351242240 66430.00 2678234637209104711129403726688572914098812721941192000 66430 39
728 1174568959914661723926994293887813517627139410887043594435144156245316346569254108543659192394492160674631811858432 17584683882246602424478373953912935424855353178053655534833957819946128365277081127992428685915260630366945280 66795.00 2965188348338651644464696983119491440609399799292034000 66795 39
730 1446867364287840088235104880943809870301679179942985558104516984599667735851169991263548309924147579314009188335616 21543267138485728882417444355890043230185545841444046165179454154454843585987541584604273900308393378218770432 67161.00 3282016692407713053051335838850067238373143887435566400 67161 39
732 1781325683428290887322448787042392347725257644465840510366458158714881512892719714865222164855015589932226813362176 26379067696781942492666940531550447047827150384026344395243640509997604691821193413243693555133209347392274432 67528.00 3631739782582305427556806051186549812953888727900012000 67528 39
734 2191914301202330798161526219405379890198954798984627841493992606904304450185126856364260272605961666314765890224128 32283408465923336938392918088120520904171093162015232683450093331480642919046476206710641515963701367194779648 67896.00 4017673982911215268632324950358962463376781535497016000 67896 39
736 2695694401784436251648125999337457837811643262223022312782982062472880215135242037597606587615221984011401901899776 39488675042619736589847508663534333956685863782092623624011769225419568626259874576369472122143152033914421248 68265.00 4443460084361045147644989822815482941832473056921971500 68265 39
738 346427553971769062466903007644140963297331759486073917285892174676294960198131658178156933818582319485366975504318464 5047389145068390747900696722092401098472996569792827902988412813477666762105842664676234487204403175900040921088 68635.00 50236386937499751075732706078107403080587292950859297300 68635 40
740 427678982844598084217603305587484931954501685437567712604133683666455511416345022713437966130547065505118387856998400 6197707197121962234203259385022445021147082962770201298364678510446687367505254955821076582129916347180940001280 69006.00 55667347687499724165001106735200095305515648945546788900 69006 40
742 527701896810847877903215355871609999431895735500225653045666900736094234038778312755908216402849649275659598522482688 7606184911799818644194579776665269317486104299331172670182028224662687997874519648970703393688412428732244951040 69378.00 61669218058119640517022789402068030109344829424851024900 69378 40
744 650767521231738635616936069900414972870481739462040476923901167238401918041028083949127360056652089798806736390324224 9329866542870191318320660992706143300045803276270298820013520743642974302041167727424879564289990961396367491072 69751.00 68300316774046483583369325896914054852285133664082317900 69751 40
746 802104117009046650660789827006088808578205926123902536507927982503570544531275464117615552176266243186423682981429248 11438204877134354708190006077269616352874853472550465673272859166220433604056661809054658484496322784297603825664 70125.00 75624747527295436246465232159317706847168257917603209900 70125 40
748 988108115045133231393944233586852969808726234462962695224579938230532067875853793945836377069428545237935447498293248 14015717943902598416426630267409313896650055298706761563252329387073646226707226660195082865830960898940359147520 70500.00 83712955818984787716675417416998745012640798871357563900 70500 40
750 1216601104741363034682356466587025863441722172664300230608816424914990189530665816798393629376025811182191925235023872 17165205496096888774878209222062296847050795854742801719077671164182112139351827967343550435372444110334262771712 70876.00 92642337773009831739787461941478611147322484084302370716 70876 40
752 1497142478508379812480847380801609005454748285449361326545850896972264630672946776982749499525357166643623652814225408 21011641313465816956389340993772305846994040991615808565068684493550364746523438862453966074155558759730683838464 71253.00 102497905621202367031254213211848676162995088774121771856 71253 40
754 1841409596291866406910118089545641707743773235197752123540654277142133480958985998893992447114080016393636480750190592 25706881047198368540350168536212230845010008572008338959529073718287085337276214356352026821941466573706480320512 71631.00 113373014970932061145976145648119092732013135328405248976 71631 40
756 2263659822970874561229794570802668254421017677401870744114689597556380996512781932882948477613348026618795929550979072 31435353742131295717957770268058997491279251776371700177176324510795979780533866639258867702849730974664202649600 72010.00 125370159412300533224915420319877726883548916844638608656 72010 40
758 2781291794077959647666611242310293467867349989074669528437675682518485297402681722336321883724045400558705737700737024 38420939274457238593316103616085801905757526880364441119140019166593099861029862434692992595706220082750426185728 72390.00 138601838505947027496674303730946616264398406749085955216 72390 40
760 360125758948132933268264044415964645242873862097664221609759611099102580864456294045746624161309727689659818568614674432 4948753747346236581517589880300487980222702184496171721530839348937450618843313004641183592685647957462073487654912 72771.00 1573015217241434749805003233999100172520598605993156521264 72771 41
762 444122663194205831396812952498533731892199989102391647834049677680324575376828735294086864021397888026518292253837885440 6071147638431859051306236761766322227403222425697540742301472296512047266691671180290350237701592966982691916349440 73153.00 1742289820671615392172470773615801240954573784065910897568 73153 41
764 547425225313219864925211200966132302344993440510188735397674660449617704656337644959393386663865107844363209199652438016 7444316053541392101304406756670671135610001464710573536475332159495002636086162634772942109024991014071987494453248 73536.00 1929289513466212855730249050365141164721949504345236412752 73536 41
766 674405225349143709432520733015698397081134053323833008201052722435221243686346926199289293814520110740308968799723323392 9123447312623696582915767126244021473584888695178211960391965093345261501400220229383876231784031648633000659255296 73920.00 2135819200286355746291450645835038782877562897760783913856 73920 41
768 830409709045162510132592321572055495093280306679283438881550823264246345805771999846608034721120065067221243267129540608 11175690855866529906812576945137608748327229678279031340132104031979344633083467610540397290899169407963080138162176 74305.00 2363862396150263521286110740833050736257719352990450946325 74305 41
770 1021975284552207764965672505745969918703948924889324639520397918955980528362696839462004414998095525037097502786625470464 13682709892118296612546430261424397794305136123830205935993413787957286564742621328835952893939461891877222913933312 74691.00 2615598391584447428747748508038648347131918037334888579570 74691 41
772 1257088792781903714153769977082935959306681265555165583589968395313137032240018440399341280548283333747736531891491176448 16743770382560854088229807614020693347584538368119136786992900406668972841428963188469418896886783542382338443837440 75078.00 2893421018669842103821991225213737938407588087932635812115 75078 41
774 1545504232921758020668832172625925908483009815047562381634487109754502481401941724576172950052905446373540789384468496384 20479477286748442278393025895563316957264764899019328637444837716664184285964217798295382897698314461440792034541568 75466.00 3199959162766647081229489003595555136016660727739452526060 75466 41
776 1899127897655255651428148005130537584254313144687736237617222000188026898514399515892725586885735469578527529493122252800 25036291578079964348485368930763149364792145237704043834398627550573889170700430789031378692203765567964721757290496 75855.00 3538099177388895870740852532326013281832854258248002921855 75855 41
778 2332486173752775142753411512641709862465966735337999115475011188432743964666471538221839365211220562406689483628314886144 30591988638635648738388987083455454002908717058507900078434037763764672866555652066404736120845860336940228896882688 76245.00 3911009373463303918813795858355233190714980285466944103850 76245 41
780 2863293479930811236074223035897631280593170813234315715934088609851375710183174888884416631545058855919520814277387616256 37362251160431275674630450423432053642161875084207133333524012104451192918180416232732872033456816780866487479959552 76636.00 4322166769135087151304476961413091038969632059067315150665 76636 41
782 373398739937365894450522469482024959667318921010261506570275417375182160954436454385062002150474042621019306884922616053760 4847571531616631239043280749841821502712859811485614434348890004009566830346759294397590723589795120176345511878459392 77028.00 49231958785003827924394729173918350833363993084940671222920 77028 42
784 460034420871006210168129875743103976674737913172259919332973994575797961968749943763039681696636682903300192633046798696448 5941985002402529048651923009920381233790630736959322095334183487789141408944501400428351863789308506479051436250365952 77421.00 54506811511968523773437021585409602708367278058327171711090 77421 42
786 566484832543270063063029294170403355839763442569846200314359666614726409235439374275524476247865411462510168128348600926208 7279892469874317557133410617709141323565523303736820393175897849500563895254070301352416581577226162531983957021425664 77815.00 60331966940728518680521894121254903761169887927156029756550 77815 42
788 697216706888427858423752161326324717635680373543007551985180512320951087101996818060926678499329578082677416909256802697216 8914674682117732620416738409842966074920180687317060059717099759591543895966615991384608640239805173666338670399979520 78210.00 66763293365882320164232349839764309745863124711269109070700 78210 42
790 857689076721592233609636329687895151973445821950377463972977267316382718357103818198196852735402030525618777301881674792960 10911241848225228130570086503316176038782951095098667257825176399222365724080429496564283397203143754140731949677805568 78606.00 73862175192128035219669713620194945212511862022340761174420 78606 42
792 1054570490116991419606636856452281917949981607043288581954637890270868809407142102982224133212089894892059224411357518495744 13348486641228705007419931392923350486384421486563011772007512310566182053336285435629159719998557716366321890088714240 79003.00 81696042257959796530846804458700469704747968600467811602010 79003 42
794 1296003069850341259201514706244133724831429437686440242023420856807994186839093863023749768252707154414242466581191642316800 16322251229207960514197633685906903767872877062185907395490263888784502280102615199684024871620803882755196291819503616 79401.00 90338948491799371982472914754079360706257829258451811821870 79401 42
796 1591923369803653650358163442718579616865041689720328635310325130411945381954002712848134694447768437455107681693209630605312 19948914408567089206058911556835518650881477940990699081241266292004265689033463947772196278051570679540108979423150080 79800.00 99872204362793275558512770079886730429028755964117580908600 79800 42
798 1954452062562555441730146949415630314549545698000606491844319280385398871180985008919145995150961180909184651208716372148224 24369726465867275744290170456356362564448696132147721894451907709493043891309600522638777939100799721155235312027303936 80200.00 110385067979929409827829903772506386263663361855077326267400 80200 42
800 2398367003838896372096875960585012852800813944385193679016873385582432931895488985784372181333659861530985663370631349010432 29756045257985590546195331601003546971185817008572280942777767688096496430325426515836638650211526177222297154559672320 80601.00 121975500117821997859752043668619556821348014849860445525477 80601 42
