20 2906112 61952 46.91 176 56 3
22 6126965 107648 56.92 232 67 3
24 12144782 178802 67.92 299 79 3
26 164783650 2389298 68.97 1093 92 4
28 350419760 4327682 80.97 1471 106 4
30 708099611 7534962 93.98 1941 121 4
32 1368144966 12670578 107.98 2517 137 4
34 2540727356 20659592 122.98 3214 154 4
36 4554820897 32772608 138.98 4048 172 4
38 7911927662 50722592 155.98 5036 191 4
40 13358773097 76780832 173.99 6196 211 4
42 21984009643 113914418 192.99 7547 232 4
44 35344913293 165947762 212.99 9109 254 4
46 55631116493 237750818 233.99 10903 277 4
48 85873597889 335456802 255.99 12951 301 4
50 2406160434734 9358761672 257.10 68406 326 5
52 3922889287270 14005354248 280.10 83682 352 5
54 6276126310576 20638618112 304.10 101584 379 5
56 9866920403575 29982127688 329.09 122438 407 5
58 15262073668425 42980774432 355.09 146596 436 5
60 23252560912845 60856533938 382.09 174437 466 5
62 34929258875056 85175502848 410.09 206368 497 5
64 51780214851430 117927961250 439.08 242825 529 5
66 75814514146813 161623414152 469.08 284274 562 5
68 109718761109240 219402777888 500.08 331212 596 5
70 157053283224901 295170104448 532.08 384168 631 5
72 222496416578785 393746479232 565.08 443704 667 5
74 312146649681129 521048986112 599.07 510416 704 5
76 13436482885836468 22386292838912 600.21 3345616 742 6
78 19626856738423424 30898462327202 635.20 3930551 781 6
80 28386399236967216 42292018226882 671.20 4598479 821 6
82 40670736180520520 57428716364168 708.20 5358578 862 6
84 57752094031010568 77395909019648 746.19 6220768 904 6
86 81312021360047760 103557636125000 785.19 7195750 947 6
88 113557891467040768 137615576284232 825.18 8295046 991 6
90 157368465355816352 181681446963200 866.18 9531040 1036 6
92 216474793383140064 238362651360800 908.17 10917020 1082 6
94 295683891035842432 310863198925682 951.17 12467221 1129 6
96 401153959769675264 403102178806322 995.17 14196869 1177 6
98 540731460008122240 519852342390152 1040.16 16122226 1226 6
100 724362104798271360 666901654248992 1086.16 18260636 1276 6
102 964589856145313792 851241002094368 1133.16 20630572 1327 6
104 1277160301100254720 1081281617671712 1181.15 23251684 1379 6
106 76858177580992593920 65007473965066368 1182.30 180287928 1432 7
108 104941747943657209856 85228982014132352 1231.29 206432776 1486 7
110 142440933655466967040 111170262905520128 1281.29 235764992 1541 7
112 192240612372330250240 144294347079806176 1332.28 268602259 1597 7
114 258029637675434541056 186400448833491840 1384.28 305287118 1654 7
116 344503508432187621376 239692816589120000 1437.27 346188400 1712 7
118 457612947392412385280 306862029176309888 1491.27 391702712 1771 7
120 604867660159094489088 391180700153472960 1546.26 442255978 1831 7
122 795706198682534281216 496615817805922560 1602.26 498305036 1892 7
124 1041944763522998337536 627960244318122496 1659.25 560339292 1954 7
126 1358319980653777780736 790986226556469248 1717.25 628882432 2017 7
128 1763143219739419213824 992624135941442560 1776.24 704494193 2081 7
130 2279086924045299744768 1241170059279147264 1836.24 787772194 2146 7
132 2934126744435310460928 1546526309636507136 1897.24 879353828 2212 7
134 213698319728354426617856 112568403674757218304 1898.39 7502279776 2279 8
136 282089633288916396146688 143895365550977662976 1960.38 8482197992 2347 8
138 370805923149674704797696 183261155736533598208 2023.37 9572386216 2416 8
140 485438298211266802483200 232559926959535882240 2087.37 10783318760 2486 8
142 632996325199264402636800 294093653410679128064 2152.36 12126286600 2557 8
144 822238519432118083256320 370651908937739927552 2218.36 13613447560 2629 8
146 1064073209305563928723456 465605729425191010304 2285.35 15257878775 2702 8
148 1372043391912330334830592 583017785263879028736 2353.35 17073631501 2776 8
150 1762911575618150484410368 727771401661263118336 2422.34 19075788341 2851 8
152 2257363355758724315611136 905721314646808068096 2492.34 21280522957 2927 8
154 2880851643476790896230400 1123869443036687892480 2563.33 23705162339 3004 8
156 3664607122915568937598976 1390569395745524809728 2635.33 26368251703 3082 8
158 4646844713274277848154112 1715763924467190333440 2708.32 29289622091 3161 8
160 5874200631994911480086528 2111260079104695468032 2782.32 32490460747 3241 8
162 7403440174376446104436736 2591047433069808582656 2857.32 35993384344 3322 8
164 633467733378457062680297472 221611002695412158038016 2858.47 332874603038 3404 9
166 815211666000885675825561600 277806283793390628765696 2934.46 372697118176 3487 9
168 1045814775394886389193506816 347278910594693803802624 3011.45 416700678302 3571 9
170 1337553016607643493851987968 432942243149930322460672 3089.45 465264571588 3656 9
172 1705576563539574390674948096 538301095532502754263040 3168.44 518797212566 3742 9
174 2168534848641883599695511552 667562354353081226887168 3248.44 577737983152 3829 9
176 2749327376434803148436013056 825764562680524484640768 3329.43 642559165634 3917 9
178 3476003629478367504728326144 1018929432930855759642624 3411.43 713767971028 4006 9
180 4382839349054146611098157056 1254238671487245400145920 3494.42 791908666289 4096 9
182 5511621050556119131625619456 1540239970256583342948352 3578.42 877564803948 4187 9
184 6913175911582583397881479168 1887086552063734278258688 3663.41 971361557831 4279 9
186 8649190245959498585136431104 2306815254340667921399808 3749.41 1073968168602 4372 9
188 10794366758465051377985912832 2813668806239185285414912 3836.40 1186100502959 4466 9
190 13438978785321366933488009216 3424468706039863567187968 3924.40 1308523730400 4561 9
192 16691888901892284607809716224 4159045947263693807943680 4013.39 1442055121565 4657 9
194 20684109775265080382874189824 5040737782758064223420416 4103.39 1587566972250 4754 9
196 2036779780735371124559449161728 496226036481795987962068992 4104.54 15751603672036 4852 10
198 2569058022779701940617893380096 612331544636247592809791488 4195.53 17497593329316 4951 10
200 3232603440994626626718445600768 753954978410408745273131008 4287.53 19415908147836 5051 10
202 4057899491260237630107853783040 926350513262219550955405312 4380.52 21521506839232 5152 10
204 5082079733611721256807807582208 1135782830912988879358263296 4474.52 23830472413624 5254 10
206 6350287071056631684447321718784 1389708042181676396309381120 4569.51 26360083859708 5357 10
208 7917292510421753156384556318720 1696984650998862877305077760 4665.51 29128891594076 5461 10
210 9849419577838743714918259752960 2068119165595141875970342912 4762.50 32156796836712 5566 10
212 12226828127295539610053672697856 2515551611699953296797073408 4860.50 35465135074464 5672 10
214 15146220044478285361607570620416 3053986934917515544467865600 4959.49 39076763779243 5779 10
216 18724039431900188448981054914560 3700779105012321371897724928 5059.49 43016154552751 5887 10
218 23100251447754763660896338182144 4476375664407169916500705280 5160.48 47309489874692 5996 10
220 28442797265839133112156821651456 5404831508660783396673290240 5262.48 51984764636674 6106 10
222 34952837858818328565119899926528 6514401861161741775097823232 5365.47 57071892649367 6217 10
224 42870916742270925922188727943168 7838225722197937252370219008 5469.47 62602818315943 6329 10
226 52484191744496576268157082140672 9415112549839589056693927936 5574.46 68611633670390 6442 10
228 5758305016436791349789492414251008 1032766243171704776636361605120 5575.61 718598025036148 6556 11
230 7158957381444727172561134979907584 1260023280713811351723254480896 5681.61 793732726021112 6671 11
232 8882921831519884710077386163486720 1534554055534358502953445228544 5788.60 875943507177934 6787 11
234 11000893148126715428257114208862208 1865634606711916333463983095808 5896.60 965824675267700 6904 11
236 13598180054754265230327445721186304 2264253731831205786061149044736 6005.59 1064014504560724 7022 11
238 16777555017094750062349546067853312 2743409779717134841321466363904 6115.58 1171198057485824 7141 11
240 20662627015890248064862852592173056 3318455563452262318064330080256 6226.58 1288110159002766 7261 11
242 25401827365196719216962738916950016 4007498668989196148523042603008 6338.57 1415538531617772 7382 11
244 31173113164968300152595331455909888 4831865456453670120834182676480 6451.57 1554327098209008 7504 11
246 38189509674661889277584971019583488 5816638205742858546952521383936 6565.56 1705379460082544 7627 11
248 46705632078599662252585064633204736 6991276161121935741774710439936 6680.56 1869662557939525 7751 11
250 57025349128036611374280841130672128 8390332698809912617168640409600 6796.55 2048210523702326 7876 11
252 69510776377202996285426588142534656 10054282496530691015490054127616 6913.55 2242128731421402 8002 11
254 84592815618160625610892164798087168 12030474446289460319733717925888 7031.54 2452598055765504 8129 11
256 102783490154194931632526735158804480 14374228145120166649990750404608 7150.54 2680879346886033 8257 11
258 124690363287016986114424742325780480 17150094149660729764741874974720 7270.54 2928318130741666 8386 11
260 14907422068700056732616071342920302592 2050064176057718230179068889792512 7271.69 32016122314060132 8516 12
262 18332635962973747771584206110634016768 2479836348747683409059014162513920 7392.68 35212471858332264 8647 12
264 22508112421505515982512573822068064256 2995221389910170263304588442468352 7514.67 38698975373452528 8779 12
266 27590279402598055719938317896910897152 3612395547548265236528724583645184 7637.67 42499385569371856 8912 12
268 33766558063026160935629164165193531392 4350428317710591168157080931532800 7761.66 46639191232860112 9046 12
270 41261187506312618116828776745882615808 5231771215756692725973955775561728 7886.66 51145729126471024 9181 12
272 50342085812049299787850254173322870784 6282824347546096708222042180157440 8012.65 56048302148888048 9317 12
274 61328921490991856861202165343524487168 7534592417242787743640209825202176 8139.65 61378304054620096 9454 12
276 74602597085727460216163302105092718592 9023443439006000903258777166282752 8267.64 67169351042741216 9592 12
278 90616378314955553044577634973414064128 10791985263740594870078208298975232 8396.64 73457420536459744 9731 12
280 109908938512844345911309956936395390976 12890077115262240413444021424226304 8526.63 80280997487768672 9871 12
282 133119629789993310623553745075157598208 15375995681575295644506186827431936 8657.63 87681228554278639 10012 12
284 161006340069180502760606027426444607488 18317777958573562588240736614875136 8789.62 95702084508576833 10154 12
286 194466349750726706172636288032056541184 21794766031025664145028134511575040 8922.62 104390531254098103 10297 12
288 234560664167027835305955221269911699456 25899382338791708338749124420567040 9056.61 113796709835547767 10441 12
290 282542369238647907873463939663969386496 30739167758752172796262286868086784 9191.61 123974125846388146 10586 12
292 36226434873551222635522135514585879281664 3940758124397325683695646679857364992 9192.76 1403701913583743312 10732 13
294 44172416363722537642019539328099252436992 4735083130866412158940468349740515328 9328.75 1538681762234545384 10879 13
296 53786276487863867599843995409084206546944 5682201315356140779315477194605592576 9465.75 1685556483087431348 11027 13
298 65402598593408629081044226928184274190336 6810117011100883346137531504731881472 9603.74 1845280061549043480 11176 13
300 79420020300268985070339348812230392020992 8151716922427981567802677100881641472 9742.74 2018875543765387966 11326 13
302 96312918370587190084472606118860254347264 9745578330463215294677679215973761024 9882.73 2207439504319791632 11477 13
304 116645121262100011361638773281536427950080 11636904070772101086992442946320596992 10023.72 2412146769039158414 11629 13
306 141085983466420698224270459368186585284608 13878603083503400641711306467698540544 10165.72 2634255405565622028 11782 13
308 170429207898894181801130791398060895240192 16532537966265826953150011655051018240 10308.71 2875111994885227596 11936 13
310 205614862473057261027197137555160928616448 19670963935595892707792417041059676160 10452.71 3136157197558493952 12091 13
312 247755105632422160777846327092309959639040 23378186967144676047002066407519158272 10597.70 3418931628970128804 12247 13
314 298164214238032351113761837753969280024576 27752472685226272297720433688260378624 10743.70 3725082058507320408 12404 13
316 358393597192425673361735663682570449584128 32908241862181187311365539374116634624 10890.69 4056367948188452341 12562 13
318 430272581066621105635641788724832165167104 38978593226194473550002921827454681088 11038.69 4414668346897333792 12721 13
320 515955871532190790794672638754881045266432 46118199728518647777956019897238552576 11187.68 4801989157032669149 12881 13
322 617978728553240960909044771773867121180672 54506630560602060461488880758995025920 11337.68 5220470791059081498 13042 13
324 739321046279765707071968983473438242897920 64352158119667107081715856484981538816 11488.68 5672396236145140396 13204 13
326 101694118144328814658609891179139505160454144 8850798493482248697088834939689407348736 11489.82 66523674332835256592 13367 14
328 123006186091543139484263065345896156162424832 10565891044009585470055405528021412610048 11641.82 72683873878631378584 13531 14
330 148606440299131125605316660409408884620394496 12599304491793395578167398955742578868224 11794.81 79370348656766636672 13696 14
332 179322332463771913378746466903931541690253312 15007550501992366862157449882724407967744 11948.81 86624334058024267504 13862 14
334 216134245960952946880879065355390892908740608 17856723316242745572953786889232927686656 12103.80 94490008244900541788 14029 14
336 260202532988264633815968828969238421707948032 21224049357105054261939320426398799101952 12259.80 103014681859201639996 14197 14
338 312899117419794020781540537929639647405670400 25199675403416609701841373066110923964416 12416.79 112248998666840250632 14366 14
340 375844398669526237196610133428457184369311744 29888730240013803672790151301154807480320 12574.79 122247147696815004736 14536 14
342 450950304604529627473913127850282372367908864 35413699528056245219882343395365625004032 12733.78 133067087456020173512 14707 14
344 540470470719461335828988850770451176976547840 41917159120758757525414440450982370344960 12893.78 144770782827127723144 14879 14
346 647058670652770316323025497146895819801100288 49564918242511308411992256186920720138240 13054.77 157424455283337906368 15052 14
348 773836792258942891141031120051758869638021120 58549630945126070887451905191996962111488 13216.77 171098847081337860496 15226 14
350 924473846750796791068864954656991561931292672 69094942151479924672838642924592589438976 13379.76 185869500122370697931 15401 14
352 1103277719166143554061101007163106856634679296 81460243503610685378031331102643695124480 13543.76 201817050200931588187 15577 14
354 1315301620289125069823213760874428121925812224 95946124271398471778090069360676389781504 13708.75 219027537391304372974 15754 14
356 1566467487334079437623443963616457963761303552 112900613885216763290752629646853788401664 13874.75 237592733353965137348 15932 14
358 226047949215759661247512608076043315563276009472 16290691953019051538378544687589209661243392 13875.90 2854005251661167763416 16111 15
360 271930815666510312717880971861010872286182375424 19364305002411649103080643300938189270679552 14042.89 3111615738038009243412 16291 15
362 326780160569915953357719406535661208983188799488 22995060443038111968778987653324028990455808 14210.89 3390800823038571632184 16472 15
364 392281289222448588753052958659606279210806542336 27279872976826920286712467026106410455793664 14379.88 3693228464150770489128 16654 15
366 470423843135921957141235302951051064509942726656 32331815056210303158183320814118490521731072 14549.87 4020684957579386217216 16837 15
368 563554540756822747477081572435922525492330102784 38282695337029626059407671850415828171227136 14720.87 4375082589907853855442 17021 15
370 674438678446645549048988048864471672480398835712 45286030406978127417562069623803808745259008 14892.86 4758467736938967956244 17206 15
372 806331784513814582488076225439524419714783641600 53520467031444170937082535380994293235712000 15065.86 5173029433100307355968 17392 15
374 963063030740871779988474496283160824347709407232 63193720095867084395479052074097283256287232 15239.85 5621108435881088913616 17579 15
376 1149132248197673042459866498537524471597805600768 74547100407512668298888786892182608693690368 15414.85 6105206810891530593012 17767 15
378 1369822671413004930567695906578896595243950407680 87860716680865168263210626944162133056684032 15590.84 6627998064305132399704 17956 15
380 1631331851991071407152309749081789907419256586240 103459447516075913240461683174625705518432256 15767.84 7192337850660100772888 18146 15
382 1940923544930053055638340588002614603032226168832 121719792152817729136881745277842217293053952 15945.83 7801275285260023459840 18337 15
384 2307103784355995478502322466636855792471384260608 143077723425345549709507294597315288924946432 16124.83 8458064891727467292329 18529 15
386 2739824837046260425660859648687273597219278684160 168037682862725991546387315656622875575582720 16304.82 9166179216629085497362 18722 15
388 3250721259790159677748877779606594056261099061248 197182876498865483096424757276381269855305728 16485.82 9929322144508795298948 18916 15
390 3853382899123808672609991129235061630865168662528 231187050934148953338270060284927652564828160 16667.81 10751442948138378949960 19111 15
392 585261577722877407886438692988996268846423862149120 35110858205460596172472192051099548257915764736 16668.96 132496902238242149859140 19307 16
394 700182299233200514619412131771629215156338247598080 41549020055209428922719964230618534103937449984 16851.96 144133653348566428473796 19504 16
396 836881564499634745522271454418645552035651815211008 49124439002143942025239333811975416900011163648 17035.95 156723385303763682167684 19702 16
398 999339124479435489601584214785268706541623717134336 58030442164062060102318985207960102764510445568 17220.95 170338548432323536827556 19901 16
400 1192235327406241177352176336201685393627466956800000 68491949922002311030445307402048804698510589952 17406.94 185056680400900834999076 20101 16
402 1421069812426589208757268879919909937549675954438144 80770433389066018796805195036259466648334893056 17593.94 200960734210773149719852 20302 16
404 1692299534623744043144562061606109771842139149303808 95169617894608711695210930278334174662683000832 17781.93 218139425476699096326524 20504 16
406 2013499144659817252984241326953460046891791658516480 112042040000107337626984022914299580311811391488 17970.93 236687600013295316153788 20707 16
408 2393547199697687647716078469098308038047860028080128 131796580381681812236280737974030091813241487360 18160.92 256706622802842589904636 20911 16
410 2842842200827258572007083744537988400590410469081088 154907111683077994054993334639587214060976865280 18351.92 278304789469277729542252 21116 16
412 3373553044863614804902086456010639712962321699569664 181922419406536920018988125381160887114824417280 18543.91 301597761436102933662604 21322 16
414 3999909155228820309638714289691216470136962284519424 213477575341208533662751604198852157730048704512 18736.91 326709026001125760815148 21529 16
416 4738536329115985852472954212458029314487426173894656 250306967235953533866718265222743467488022888448 18930.90 353770382618410777925676 21737 16
418 5608845219189998593680943002078167908859653524553728 293259215748011337022595121618163025904584884224 19125.90 382922456737660750171347 21946 16
420 6633480372298300300638028570583105287946345662906368 343314240523826344111035283830480308643324493824 19321.89 414315242613535964658129 22156 16
422 7838838891515299299420257905204964867110527337234432 401602772020746920266431371150320737871932162048 19518.89 448108676562252535018533 22367 16
424 9255669089895926704782727978785037509299359711232000 469428644835451400260399234257817190834152407040 19716.88 484473242210264597232861 22579 16
426 1469166424186680780102596464504339540860294948697669632 74508787564967984155872795913767561499631142567936 19718.03 6103637749939292737671102 22792 17
428 1749517545429788903214173739304264794945386086792167424 87840311452337147971593838903681107910341464948736 19917.02 6627228359289316930940439 23006 17
430 2081610909147558687080476335843507332418835105728954368 103475122133395254386575540172249841406716627910656 20117.02 7192882667380139097911448 23221 17
432 2474675554716283242944720859125114428341157348008525824 121797125124033019527541750711719753079650938519552 20318.01 7803753107448781356159121 23437 17
434 2939530061362907232385002800655288797732034925920518144 143251899006393499786807621325731114177788542713856 20520.01 8463211536006691770773642 23654 17
436 3488846668679511872708274573585022995228699529154920448 168356234814145093220717893731792994725618618728448 20723.00 9174863345416788569971393 23872 17
438 4137457696646096360479157318371927870311833644774195200 197709094563282469068803419708507528227730810208256 20927.00 9942562410246225379726148 24091 17
440 4902710787896350640842526368140253584551689752093392896 232004191747724121213418016095880437815999025119232 21131.99 10770426912330915930306535 24311 17
442 5804880462377158776250586842906915685164781905144446976 272044424430422670263318129789008810604989977198592 21337.99 11662856091678887710799930 24532 17
444 6867644579810151918512334335351602871585126489301975040 318758423026283260353440415460297324692680434778112 21544.98 12624547972626252592635625 24754 17
446 8118635567307290750697813459709023304589049645513048064 373219510452266806072818392837208473779136375029760 21752.98 13660518117045685341222176 24977 17
448 9590077709435311959672037793276833573178902230366945280 436667412527166025519927341182674241465396634845184 21961.97 14776119458896609394954335 25201 17
450 11319523440057132455874178106397062514373762686002397184 510533101914699883168100669416516573747881197961216 22171.97 15977063277002752469146526 25426 17
452 13350703446617413459495866804672982556558183341691502592 596467210163276567785948667795459632842087927382016 22382.96 17269441365650433197084002 25652 17
454 15734507528912228472161895877556357340611373502172233728 696372500224789277605587471205464053793979608596480 22594.96 18659749465424090252956304 25879 17
456 18530115580462734029277674135069849043853223300905828352 812440957038738794822688968740540092539904823656448 22807.95 20154912019638522486602818 26107 17
458 21806300820504057752630715341782417568980194504466235392 947196127246846118746595961965962952629319779745792 23021.95 21762308324794570904946716 26336 17
460 3596888531543765681354018175982838411612032569607609909248 156229580952421670259523744955463798722812991139479552 23023.10 279490233239393950789409692 26566 18
462 4266369273788925857943694850819123017562040834881174372352 183593801261254412394560322854831527871568547275603968 23238.09 302980033386075137119910234 26797 18
464 5056598740603243331957748168126656992069630572858267664384 215595654357059127208773717027121371501982674373836800 23454.08 328325794263151924051989418 27029 18
466 5988665773618339457738533523108841996033045685424263004160 252995042998668165920305620895758946722082959640231936 23671.08 355664900572623393694741436 27262 18
468 7087223093835421510747025044561037733480731598381362708480 296672152243492191389926455634073443266159304935211008 23889.07 385144227688467504239006992 27496 18
470 8381069603548880175549346214930972793760142691392819298304 347645824893199215285752299380693292538136610790703104 24108.07 416920750798757451731665114 27731 18
472 9903824598110049480935926024863433050455725439331984211968 407094643710408016776897231757827234172072290429173760 24328.06 451162190187967779797929378 27967 18
474 11694707889036528748863683878116578691052032783339137007616 476381104466964701926866130710133056230762768351887360 24549.06 488047694629820324802122056 28204 18
476 13799441896674384117136969254658794889113853362558856069120 557079316317870381294517372004622619208831619806789632 24771.05 527768564959050190032940012 28442 18
478 16271294118333066689099392503449334686993738387798672539648 651006725308154651849640709695193835474535541479833600 24994.05 570529019992916155620560134 28681 18
480 19172281056156035435012713977015268523338453475019991285760 760260423879391296641247158347748057820467787577950208 25218.04 616547007080316340008398758 28921 18
482 22574557742767907866339834695019257528264036880732200632320 887258685019173649768682891743189705968210570903552000 25443.04 666055059668182981386828316 29162 18
484 26562020482590707829055877821912946434015258671642755203072 1034788445278444075938897472982880894594911101079519232 25669.03 719301204391610907303600232 29404 18
486 31232154389851911817588775512800539375868903728560157491200 1206059557485945799750551316034201995440878560852574208 25896.03 776549920316120370751157389 29647 18
488 36698161815300763887349088669375557245606006710539802116096 1404766742979080976134315644124414367970713369585909760 26124.03 838083153087771182137788257 29891 18
490 43091412885389352613750365037729988919292792569469033512960 1635160296070502861213041800667200062578016328485961728 26353.02 904201386879743370979362040 30136 18
492 50564265212361442262531532261306253205475744936464291463168 1902126731984073041028312685370884635695841367879057408 26583.02 975224777162699282233734890 30382 18
494 8626794596690466255761446175353198663769468161335123257589760 324508806103224972638506697600354958176632120509877714944 26584.16 12737912036578541464064698240 30629 19
496 10197682194030757704108820795122498896326307837018024741699584 380295456848930831948159075875377123153568543002329088000 26815.16 13789406384049511453565732315 30877 19
498 12046225195136860163166504586335059014643350006568950404481024 445378704220984519069599644650863384389954382685248946176 27047.15 14922779637537111441228457150 31126 19
500 14220028899509519382739102258286628094702332696789211882192896 521259264338506249155066374881393395125840582775639375872 27280.15 16144027755465892643283658376 31376 19
502 16774610858537942445817393511902975036326430253970133289533440 609672344752813395790250004556315745196654630140584656896 27514.14 17459558195338354291791065752 31627 19
504 19774674764123389536983070162397026168268004219835744350371840 712623081923921093660533666964492214783365928548044898304 27749.14 18876216277685539705612997879 31879 19
506 23295582865561754450154887176512425508412082743839997764304896 832427154029251101332626148415026257647685068655496790016 27985.13 20401313119861317362950366258 32132 19
508 27425056839136135217796829685038415401064824130039209164537856 971757298834831436144865905066673373707776478672175759360 28222.13 22042655226115926186525799766 32386 19
510 32265141393753811521726541352819260213526227335668349269966848 1133696565606604074510975154927655669786770345221465047040 28460.12 23808575824759069526237842432 32641 19
512 37934469867870789738105165649643107218090083294362179163127808 1321799242293377195577005267916480058536530242189773504512 28699.12 25707968047799666061215057489 32897 19
514 44570876741042463861911434125373931107734067936225370512031744 1540160526114148765334157871105067191957288160110936326144 28939.11 27750320053236762140308930978 33154 19
516 52334408441752202435457706058859801073562798335411914379624448 1793496149070596868993214033416223468737105223785113452544 29180.11 29945752195182849972192885956 33412 19
518 61410791187971037898186452070130562757142381070055982485209088 2087233331842289359374735382814363975911287934976702545920 29422.10 32305056352236018054956299912 33671 19
520 72015422968232664279952558530314307229140369751921179653832704 2427614622317246227092700236190066572634280038960080093184 29665.10 34839737529990421070903294624 33931 19
522 84397966294399297790376771900914959038800977702583424616759296 2821816381250092873961072596650814360335987573299144032256 29909.09 37562057859295282348684517248 34192 19
524 98847629185690378820074897268694422299966636118065022135959552 3278083910118636996797248964959581064899912668949807890432 30154.09 40485083117851179961811758496 34454 19
526 115699234149458821968318405303523654695928301979857333476392960 3805885478405350957193168394671345104232231231990985129984 30400.08 43622731908979237286932132992 34717 19
528 20338736478746535052709470920657957070536362455819370190746943488 669010354015631313352381757170847150751551613507878323748864 30401.23 578364225214367537246355965584 34981 20
530 23971059666476085862745428377393081224344525064658428970506649600 782135382837575636478317587445007717479301684538772956381184 30648.22 625354052852292482092966813568 35246 20
532 28234001569301750698132086790144613201225347531265448010424778752 913833585630871712283309140642230446731113637643338756653056 30896.22 675956206285167466284168499936 35512 20
534 33233932396561828015870530795272262250389594246889493503223529472 1067063906521495642911983806710824997839878237223769807519744 31145.21 730432716450151784430656008672 35779 20
536 39094643624787099551826523721491092457397236775438294528525598720 1245242395692879323987463586380189659052240681856269555859456 31395.21 789063494179295874315721634144 36047 20
538 45960116645141982437805649470823633248072514769416879803193098240 1452310634665138485141939746495871845392926665886576052011008 31646.20 852147473934276981945079467088 36316 20
540 53997718078876397987013029291451263611212333481692720857419350016 1692814079193915814623901464082459904895552858654314606886912 31898.20 920003825859956886626577156976 36586 20
542 63401885475071579889311499402599828802516186012285656814887895040 1971991710516098466731984962197474877275042884959848036827136 32151.19 992973239950628929808485994576 36857 20
544 74398376317508678073499594113145307039142442489177028482318729216 2295878574187005207718566640586929723875419915335643338637312 32405.19 1071419286317687371276314162256 37129 20
546 87249163768791845680690221291476636272642402081211888591697870848 2671422998950862481129855374832189803620508632169799737147392 32660.18 1155729855751520882121442098656 37402 20
548 102258074544194165428168525479657806305467177590628905776272375808 3106620529080995709471058047344832264213513003453150710988800 32916.18 1246318684984100642117533052416 37676 20
550 119777277932106416680462242891481539790752258258721477382341918720 3610666875915108232990913466340064373161416349185962474995712 33173.17 1343626971282414404462049515456 37951 20
552 140214750485121920058795630205590904536003304589723923209684779008 4194132501815448479428499591940894222079123110059404838305792 33431.17 1448125081237019428776728199232 38227 20
554 164042858547203389130912297268408607776838115594690144931307061248 4869161796898143982606849546587107643532680248347531549868032 33690.16 1560314358854994369582072220559 38504 20
556 191808220842016006393770299601283665740733097351015672031899287552 5649700200523809986327543967864887706600092308799499442061312 33950.16 1680729038322925224891485229913 38782 20
558 224143036145837305280281446469802559276269744542114694535602765824 6551753061235810190136485748613463467565459584810542348369920 34211.15 1809938267073743252233360922171 39061 20
560 261778086966944922408321144255207236219710703391293512554546987008 7593680526744328846828981549679513320411987227553300010237952 34473.15 1948548245071741685484710025787 39341 20
562 305557659559605712222873550987112466748015572989887468036182507520 8796533316588179614120255716044133810711299743018000236675072 34736.15 2097204486523450488988791939284 39622 20
564 55557684297166284943260425537418488859030685029866721379862871801856 1599367277445039213008830078952782023746143760719835488852115456 34737.29 28278678164343531446385036238258 39904 21
566 65270595435869848520939364263103827337634840262210838810771150864384 1864805718015280482625615844239199613743776104820822837611724800 35001.28 30535272374872312731502250386736 40187 21
568 76636516381066853750208238113979073020776412349419617148520116518912 2173081983405678043527091828420106043952881606460928702254415872 35266.28 32962721242379838075070173859702 40471 21
570 89929159032154157361706368229536038386755881164762373728835609821184 2530914799649666927787538978432421661390133674036803622332792832 35532.27 35573268050951312582941302687044 40756 21
572 105466307443634986350585870161973986928081338818688314145782775152640 2946046367677835205309546875447575444467717886048668367468888064 35799.27 38379984156314050860383636305063 41042 21
574 123616714427296731682604864033223363837360001005088409545317944393728 3427393691166335753817597128042780725976367391587724833775943680 36067.26 41396821684558923413700460709216 41329 21
576 144808046347069040955978208165483447208122249212825100273858585296896 3985221607261611983432050188467896781804811391931965604873895936 36336.26 44638669375674786022407782262187 41617 21
578 169536030739768136231432516921728971372315072165468147055212376358912 4631340537084473467526678685769619911158981589642641182044454912 36606.25 48121411747186270502351054872694 41906 21
580 198374983522081251295802781089873187808930877621383247831227279867904 5379332379099744555986070986410781704143266099404959378552389632 36877.25 51861991762271070311522097471748 42196 21
582 231989917740299893302558289034448874461198705547193521343639070965760 6244808427544625572418477396417672776691927347476653134636384256 37149.24 55878477196254309764225594351096 42487 21
584 271150464496752977453228670470742323484823283854348651728190004264960 7245703716807290708573470043020290110960433493452801141211398144 37422.24 60190130905353957380613363619272 42779 21
586 316746869311497213580328383328748642471341741223528130064898475425792 8402612778416332029325985038497934648223429346860180380688842752 37696.24 64817485212002522336250177702704 43072 21
588 369808364275807912364802589117253540150712762054672954794232298602496 9739172458527574003535063591748336543191952525942399278606450688 37971.23 69782420632017250626477822265698 43366 21
590 431524258519487171080046167584677194708779852992099966385890049130496 11282498189876696818574383541683745798289343375116297442208776192 38247.23 75108249180355338434162147304016 43661 21
592 503268137417438022402224475568263244456815308400598805004297957277696 13063680953634100717289059263103871777728271454233085859627794432 38524.22 80819802504194789891886040293882 43957 21
594 586625615358671230117153669211182685405534030780878577190654237999104 15118353115245408041719900297955837954149247397077611721602891776 38802.22 86943525104648843256405814125988 44254 21
596 683426148645724331131365889541325245112931866652032346818264380211200 17487332387367960540107655314215026147944811071933842476607995904 39081.21 93507572921576676554015319776804 44552 21
598 127224361509590794491523378129322838314176342605110041528777755257208832 3255288932923588523980089620834252466054822259022573161268157349888 39082.36 1275791701831374306186271545262756 44851 22
600 149127749227233201037928754756348456148939811222205779062248133657362432 3788588463787436283016672600040387695822989306211531600949552349184 39362.35 1376333619401094948219496047900836 45151 22
602 174706577713469393147855817498252082178923760760317692646975093214281728 4406958422333040913555958353802166316910492652641933897421532692480 39643.35 1484412075929901769655128380739072 45452 22
604 204561682907848533099165085051702656403916926178317043456505520108601344 5123605149826359355306954290253853388855699985753334422846497095680 39925.34 1600563205535220291417988022288744 45754 22
606 239389539087634323222013187559026093407683378507161497794608857945735168 5953729066106598699368718235852952555096780968848050846972868820992 40208.34 1725359247534640079752171904451778 46057 22
608 279997074100710276344461816620857103810955625972839018177646440818409472 6914817357665208003201396315194712359108293528244411707792809787392 40492.33 1859410841861637624150633294817826 46361 22
610 327318716857763797761834097416748678706137113396766554956320441429393408 8026978401151387373619474911015957955141432544085403519281868570624 40777.33 2003369461825674784657550290763092 46666 22
612 382436004038475372810601030881442091821836908660826994843454726169690112 9313323700092418574231327530359822789223052391602051027764697366528 41063.32 2157929991924253663267985842458584 46972 22
614 446600119489838840505041506119412626434722926758191214273662442255941632 10800403888649712748155514616604395947091602265760552698827644076032 41350.32 2323833458818608216499291719583768 47279 22
616 521257792745252367885410166105559605043878887410000857641347964748169216 12518706233316776241772437329290674221011004634904800128964552032256 41638.31 2501869924008518093415212388790856 47587 22
618 608081043332089056374957335973768311075653592767729047540388920517722112 14503222054351132940384946416737657707953408059731821215655777009664 41927.31 2692881547186130282663717492560672 47896 22
620 709001326036461027326109567820867208626794297218762852807836049998872576 16794093607723032862287126580454412510461622759455592809235992281088 42217.30 2897765829714595323559098570238064 48206 22
622 826248710156254585958806404920407890922476474702880740031946769083400192 19437351231504630590528441374795277996994141741907797604972191809536 42508.30 3117479048165731532714779471678153 48517 22
624 962396814238480384543721940498737778594870848494056775441750927876292608 22485752985904399895532909319020873199542081893320561941840004120576 42800.29 3353039888362827132628649272089281 48829 22
626 1120414318265399980321654568437826471345267714523398617178847453523214336 25999740623736769224893063607250049809494172475160448190717339107328 43093.29 3605533290911121813416319863367142 49142 22
628 1303723989306013925896609952927454799350817419610141615443314642914377728 30048527540597343709997922999781431440820407877928756476367073181696 43387.28 3876114519760564391690968499607224 49456 22
630 1516270286067337413979970484707378822776611830996117004801703394280472576 34711336396691082438193949666775509044847248215589158917008334520320 43682.28 4166013465934254537373427528947678 49771 22
632 1762596754572078003522807173700896817605600567608796535173224005669748736 40078806403459924666205107800415936513356516328824717390253968588800 43978.27 4476539199172722769311085490885006 50087 22
634 337286733404780487990880198912725841544152211128033105382905938394090569728 7669195070743291436631922966648130608210400149074667722657551295184896 43979.42 61924127247557118256783178945912212 50404 23
636 394354208831816237302019244833979370732530991123521076342549664685015171072 8906643175267387617338386591409369203105400027417708668169955007528960 44276.41 66733212028447228854868944542732324 50722 23
638 460843383472386185824647591748948153529388186252532858979822683295724863488 10338743849446787919658949743367676837927972249802942686807706581336064 44574.41 71898344380961886742057287576951808 51041 23
640 538271410500026728225427703426116934509701680630450615057982736491947753472 11995333035114823517763621787173061931195470781341568034570776719917056 44873.40 77444602894955901393945278257904981 51361 23
642 628393614160400312856806212104959500604559639939353642692495227499646550016 13910700635582389328477369153347920477059175830403571373692231738195968 45173.40 83398742902943051714307475685104362 51682 23
644 733239923069382518872747697828150558737706317703859369050483522753158709248 16124237733198375392970583156180723110776030787649817512200681109323776 45474.39 89789302628983522574184854233777524 52004 23
646 855156731493982297733885842515066508195117359350869175061259239293095772160 18681175304559882733610123311658890589817497081459834121736054458286080 45776.39 96646715682841188843598834628321448 52327 23
648 996854975804995577927492759399618621787721155715562324637525894300851765248 21633427010222150379469218163187894016356107416010464977234159317549056 46079.38 104003430256463539065727695089734720 52651 23
650 1161465324355656610385617696833266586466766729352543657922389851926771531776 25040550315604287395705044446766645864892615220012840472775077555863552 46383.38 111894035398684873103693690411767616 52976 23
652 1352601505342368642975748521749269418814969099839104510747358837845558034432 28970842097515175395137618982874767206225208636270823784460904564785152 46688.37 120355394763830949405988200609948832 53302 23
654 1574432940772953590099137668264724129789590969835100150237514737166244118528 33502587033758822634650487553331795833090285022927287367600579687743488 46994.37 129426788250653160339183883894388864 53629 23
656 1831768017798776353873454169552620097262672255086915485354951071448965316608 38725479492391155411542717976674650311598784198096934768622465108148224 47301.36 139150061969787052650067921849825828 53957 23
658 2130149513949516279017390441403113317175672143640120144748748028084821688320 44742242366905392955149677803451649824765816584122462694481229999243264 47609.36 149569787000759941650029779870221416 54286 23
660 2475963903166276803212211090952129865551677920970698534196506852652935544832 51670469382619961818069854051835148225088817924966872960381927135641600 47918.36 160733427423513805388671013989192672 54616 23
662 2876566508257640519747927981004082173406389165336720768743406116330966876160 59644720871205619917215704601781552765340513491031906317834090801266688 48228.35 172691518134512934195067695411894944 54947 23
664 3340424736222869301508670949774571258786006184487763337663203045065195782144 68818906923216325307411228292639943328847435831769941236750255503966208 48539.35 185497852983823407517626286669542088 55279 23
666 3877281939988706990782995043467102973237097215349167662156621987088858873856 79368996237111427738206594479156687582576930039716942564892039108886528 48851.34 199209683797138022123689393471089776 55612 23
668 756162999450559045088130773487916620684099380045733735850815459239851148181504 15478496336653151153453509964781494119621117067164720983615406248745238528 48852.48 2781950425210085545895317907610601852 55946 24
670 882525020270701870791299691182825150773737036986485117207989113876155992113152 17950094911588757075846799373202872749796159791992043381082098321393188864 49165.48 2995838356085718273886082052952645484 56281 24
672 1029513075342208142352383854527363423497683632403987182817550227035017279700992 20806871705481465761306722087462368209252259324377772103796292802853208064 49479.47 3225435761682556502762435776773564268 56617 24
674 1200414443976147985348098236011659718000036106403080653001032596654873691291648 24107384959340303855778973614828111739324867357669118047863609430772809728 49794.47 3471842807454011418591317968328345936 56954 24
676 1399027728331274747999132092782717226827749368171766135189124100322940116008960 27918873640600100702049782010108513247103742281924621767414103881103179776 50110.46 3736232971898306432081653322539344472 57292 24
678 1629740442278191009064886891624740270297556647727544135730914838537976865095680 32318511611458925766197022966174541230808734435386084935935588789722808320 50427.46 4019857684760676096889000519054283144 57631 24
680 1897618080435683456655954741798010243485409160140093175794138850951042489647104 37394838306433324497111268438879589334244277857433573457702737694204887040 50745.45 4324051243130296434711366826291824808 57971 24
682 2208506322890619517093548083392868020350076534717093901070418962724017401757696 43249390104919012297020663443207711268549159039321585629664141298515312640 51064.45 4650236021156292369161165196831459416 58312 24
684 2569148263670518499727694256782534320411602108164646439636886635416617582854144 49998559809268240584957535156070582059817929754733362865668898571950227456 51384.45 4999927989944867165485753600566714232 58654 24
686 2987318815401985608129039944785897521821992707057468434452867916977002476732416 57775715281747629785033943504197666194986291791056836694916779076166352896 51705.44 5374742565079170148864245367048831064 58997 24
688 3471978742991491463454494331997619206416718243084392242626110877349613588709376 66733612407413812474172618899037529676665964171465225417198099354689208320 52027.44 5776400800126918622296544624094474328 59341 24
690 4033451120388304400511063975422917419560099201758860740959130653056459283103744 77047142193580211190898686404923023496385052335616251316038121846682419200 52350.43 6206735945470058943503747179935521771 59686 24
692 4683623391930165868473310702272421949590043739086175078610665291918741828796416 88916457056504439684852135725422472985540586880417576991705381818637221888 52674.43 6667700392808019712939509893991192217 60032 24
694 5436178659522192702596980823214347980491885410109682185137968720254050855026688 102570527256627995086723393125309348238446066193305060922314039069704716288 52999.42 7161373026753598530762489896074221209 60379 24
696 6306860315830800455370039662681465555719159432883367720521052527237677306609664 118271185108599721102633704721633089745829396651023343508473134534136692736 53325.42 7689967006060550031786788236445245393 60727 24
698 7313774709537810758770137666345174667903472632660018441220472657373230572503040 136317722104944368967930799652833233171560457184433786172583410583581229056 53652.41 8255837998196923624225148505653723611 61076 24
700 8477737170232833683674566179370027730339461522061175446002630177329441430044672 157052112557399916444354076182625475045401281161649327454593981265901256704 53980.41 8861492892210654702811523594182426471 61426 24
702 9822667447571686728721121118682512379699347275910299047160621620919671527047168 180864946895027091722547908986336082482028206362797153870428070170297630720 54309.40 9509599016126470783004732169979094467 61777 24
704 1960168845265365242942754009371424125434269036196650984441981132731343985969201152 36091864115595458230703704172312693500086800485817240761009629888125687824384 54310.55 134335148259112475827570607198094237923 62129 25
706 2283021087366356674585974699699373034083650885438895909975259543493315760320675840 41782549069792383922056754574394955539747617859844877694611036376937564995584 54640.54 144538142145581049330769586610060374182 62482 25
708 2657864186577154489047846829989922106228991636134280796153870444625197560865226752 48349825616414065028264816992331533966331846497284703710158202629781740060672 54971.54 155482837664505703781956293316147517000 62836 25
710 3092880908588317902582737304046771816034143084126691323416981411238460291087859712 55925559126772133832989970420299796607358739789500131465091163161436838952960 55303.53 167220750995162277511109123148992529736 63191 25
712 3597512230360777728657256909618085962215627067761418326002485554993938753761837056 64660978320511562315335347272729123570734748840571380812567425714597136433152 55636.53 179806810661486854510869065884129335188 63547 25
714 4182646274292585187560985638303117150208985056078842827570888433162347741712482304 74729449567944731597856212993617851148048142518967181741601666677751337189376 55970.52 193299572643015336266329345582963691992 63904 25
716 4860834936432758155591908016695819702361471530193678479404473283793520041215918080 86329638851034693904173339737228401889756187924318675457963370111222696378368 56305.52 207761448362099530744463098791980675300 64262 25
718 5646542169595237017814219699949093633313691904821754368783623033901609358268039168 99689114185834852808498198023150226482134081388099448013382411174353794236416 56641.51 223258946277450266413328533710469093216 64621 25
720 6556428434705369572129034377424044616712376626310159714300929175801794743481925632 115068448316576228128428077356813685654675880489623883146797664614061550075904 56978.51 239862927853155570454981734095837227148 64981 25
722 7609676461311233513401584418932491904291988331093556899833086295531557044126482432 132765889404535516994791121596926304899195838833941010606960851615839126814720 57316.50 257648878713391181346372065215446557752 65342 25
724 8828364170863966382111247771281381256880155607076073242070405863186273298240503808 153122676367205067536374777863100262684713050241080045390419859739666055954432 57655.50 276697195836174906137814081399886357610 65704 25
726 10237891425350721134605677553693058522271395235296136979349383736014698705133240320 176529085602948128816444271190319948752175042479368712693767155736763120484352 57995.49 297093491684813019181014875710085930776 66067 25
728 11867468181831021262411754222365896587018012918183283315622895991079960867722231808 203431307206670785877535453602969650950805492516607462854297961864361901293568 58336.49 318928916223247766488229091025034871158 66431 25
730 13750672674688669510920014056087661221791563148634742320256773135427242236860956672 234339261603927887675586388716435478594317583407058486067986595853208500830208 58678.48 342300497811446297100164847584494920772 66796 25
732 15926089428101637876354441221112750143220262983151370100453159189399494669895729152 269835481984656161466095634641745960100677064942714275888003434600242941526016 59021.48 367311504029383855686073615522122753710 67162 25
734 18438038239542825950290939230972593109855726867854003771601270440456068554335191040 310585204205537116992804069675591867912697447645548151971866551488629178368000 59365.48 394071823533183552145702289253179952736 67529 25
736 21337406791557732712005140003416834439706331103492063209610031446899072082357780480 357347824178343672197744514958603814886832885769091592997955310924070677118976 59710.47 422698370104702231671213661438169675738 67897 25
738 4324858880392614768889647092760725235049466202178374981380100004484552606441805971456 72429108688319176320932220416407949333850759644244145050194472554930162053939200 59711.61 6017852967974507275812821841379954910788 68266 26
740 5029947340330002480221460191784029211620702237960549284875268495296942783849358688256 83752042943675368162314159427061681071245566849825540188740596734474698971152384 60057.61 6471168478090930184857201766352230109080 68636 26
742 5847523836800089598958399509726077741926835887229136898199701520584384510620342419456 96805931371649736947439352914129242022038995459549249657952740719629583643574272 60404.60 6957223992787990556620439843545037271580 69007 26
744 6795143709927522279848300727348548832481059255685526950676271580460731988163594027008 111849434175645933428886653873963077178220864716571004100802646673399782913867776 60752.60 7478283030737935604087660763385303780316 69379 26
746 7893041439989659274042856122640197486850431857593449056685310203973130224179395690496 129178979305488407457390850771569377708703202314020358635084656066335092225605632 61101.59 8036758653384099735906542799550449399424 69752 26
748 9164530317461249833630920720522808761054737200968426111114301699967819234983337263104 149134148660268318757852200415512027987435415439184311687093022067711262528110592 61451.59 8635222888271857226406012212204302273976 70126 26
750 10636460371342436837125133810204391086964480687807665729004244051482480906492369174528 172103814236580988924078094016259954170506537230890221684260223161258902785359872 61802.58 9276416717585001809759594979870308282716 70501 26
752 12339742850198025491342291889210824625179996991802530497187070352605676414921531719680 198533126120909769723451698598288842448599280148450854104917856196785359844016128 62154.58 9963260664082561667815290126783994503932 70877 26
754 14309950703266001717863016471895489070542604393410963664120672728563238184517021728768 228931467730038495719405324439388494681001791457711054947031408481682240107970560 62507.57 10698866008368328553228676433020303593224 71254 26
756 16588005818315318940643834614338476845858165398687819801577930021774143733857702117376 263881508953556906040033554350148084369095367602687543644702511125099398758924288 62861.57 11486546673251210858692345058785685815168 71632 26
758 19220965259339605437223602738755639536861913960024119159037177005557715291145680977920 304049505067478255022430024645871030879986569013561597473564244780537077848604672 63216.56 12329831812873164099046130597280575385041 72011 26
760 22262920434026974204387591765007073664256993339558848326052484180916943058388108967936 350197008714388594087159707599314136611406452559464424296092861588428238895448064 63572.56 13232479146297351888318000406486896444397 72391 26
762 25776025034613297066826611395148352288297494430292581815376172375233184301044708933632 403194184160219380740837370170521794197885814165430291666930535863899481605931008 63929.56 14198489077366989093827472283402559431844 72772 26
764 29831669765956038930539082922274420537668426311183548357258444145704177927748824596480 464034937751261058009835503875580467115871590056000946789730973185629368874958848 64287.55 15232119644869867499908326623800499294398 73154 26
766 34511824335010250182912327756115951867705246557775068383226984170282965419030923444224 533854106355748538620684149013162370030555552609207674343722596720274395640102912 64646.55 16337902349379930834875057589657839388041 73537 26
768 39910569964178919494641934480221843129428584260379477749664959761399472792148274839552 613946976972813315006376475430003057329435231857710987313195485431434582247342080 65006.54 17520658905600744036213333282978900137737 73921 26
770 46135848849886500822204540205214114051433784337899491322443744119478457230875707834368 705791446065575254689739196408528363986505076307315382052951866955783004328296448 65367.54 18785518971611819996230788777708294696914 74306 26
772 53311460565234204926265407076396789162351419873890737240511662016903992516326826442752 811073167015164254782821557646394609049649478634441301634665822076783687823785984 65729.53 20137938909123299576485496918993024915428 74692 26
774 11018160695404978913709007400684988818452785710202524345656946781440478568289127448444928 167625858076882246179905211994502831335555934724310047391963438235213130715673657344 65730.67 289504626972421836210999405899448860522056 75079 27
776 12792556720684710990036262337436087425750075707694854880658463602041226540127291244019712 193551921274458678999675411413830034775989920060418369997812778272615420980994506752 66093.67 311088348604105292584618268832825199551072 75467 27
778 14846809931345836791114604296341578450528912325409156217317050069648261786506221817167872 223402522483228447256460511987422667240580377166694075362437011006061503282564562944 66457.66 334217386204868503792772131375245583757824 75856 27
780 17224134543436941676622834321952729991415295665054492308181670963261649609061399160422400 257758888538636987770576803377044339920998768644990293325768498353275730158711472128 66822.66 358997833237637367653376710134558921192608 76246 27
782 19974275710367582798543396007356624408458102129436404190071325660936945630377245270867968 297286434365766525899089812350982426364632481876007812061257977351707827016959000576 67188.66 385542756620952808106903983574314602534016 76637 27
784 23154475199799658468986044651737379943580879595685653894677868950772743346730804925431808 342746684725661149631957725640832709614568310246673692613721529700923925016522784768 67555.65 413972634799488381227156511797892757865232 77029 27
786 26830576719694473960733077308093751720836223994258175690173387667917447180146329379667968 395010845805727809708598100848962117029272820537489403680399962580524245869544865792 67923.65 444415822066298526523443515383487742296224 77422 27
788 31078290637339876894549581176945847787431359986210620146916729145194527618689205142552576 455075249693888688619588211556986104835892516167660430829801392092329331234973941760 68292.64 477009040634393373481773050637377055740928 77816 27
790 35984640563156173786624605016930358181346456536696321710855913782416028792410947587145728 524078924218500322415598668479909841687501222818427669407870087529852492215320838144 68662.64 511897902036382796694731637593386860889216 78211 27
792 41649617367257466565939810334904467473226248902999862399496669908315307788062048540164096 603323573871717880335251991654817761878472769215829299202285630287631337512604008448 69033.63 549237459516245048943317315528784417473832 78607 27
794 48188069709653751800571224728055546755457777239120556540858282595959423943691666737594368 694296295039758488148565026230459737605919768999101197987462866513963760777668067328 69405.63 589192793166955855066380430448994947401264 79004 27
796 55731864149388580468792354644690870959314502062937180022131876723956206287805421837090816 798695391074624770448504519237383764725196688399450916280550800760547648568532402176 69778.62 631939629661973617160758380785547101948688 79402 27
798 64432352415613369795071524257012847581168550377210837904446250376213495162809920453083136 918459700458922608001114453038363867534650396638893622846082310270838499232956022784 70152.62 677664998527636288222171782905993849299456 79801 27
800 74463188544302361275248127205941973176275532135715227326360554718359359046993639991410688 1055801905112290184067958427699215733758457926280000382162767961534338274563865968640 70527.61 726567927007616481031336451598613931167272 80201 27
